price,sqft_living,sqft_lot,sqft_above,sqft_basement
221900,1180,5650,1180,0
538000,2570,7242,2170,400
180000,770,10000,770,0
604000,1960,5000,1050,910
510000,1680,8080,1680,0
1.23E+06,5420,101930,3890,1530
257500,1715,6819,1715,0
291850,1060,9711,1060,0
229500,1780,7470,1050,730
323000,1890,6560,1890,0
662500,3560,9796,1860,1700
468000,1160,6000,860,300
310000,1430,19901,1430,0
400000,1370,9680,1370,0
530000,1810,4850,1810,0
650000,2950,5000,1980,970
395000,1890,14040,1890,0
485000,1600,4300,1600,0
189000,1200,9850,1200,0
230000,1250,9774,1250,0
385000,1620,4980,860,760
2.00E+06,3050,44867,2330,720
285000,2270,6300,2270,0
252700,1070,9643,1070,0
329000,2450,6500,2450,0
233000,1710,4697,1710,0
937000,2450,2691,1750,700
667000,1400,1581,1400,0
438000,1520,6380,790,730
719000,2570,7173,2570,0
580500,2320,3980,2320,0
280000,1190,1265,1190,0
687500,2330,5000,1510,820
535000,1090,3000,1090,0
322500,2060,6659,1280,780
696000,2300,3060,1510,790
550000,1660,34848,930,730
640000,2360,6000,2360,0
240000,1220,8075,890,330
605000,2620,7553,2620,0
625000,2570,5520,2570,0
775000,4220,24186,2600,1620
861990,3595,5639,3595,0
685000,1570,2280,1570,0
309000,1280,9656,920,360
488000,3160,13603,3160,0
210490,990,8528,990,0
785000,2290,13416,2290,0
450000,1250,5963,1250,0
1.35E+06,2753,65005,2165,588
228000,1190,9199,1190,0
345000,3150,9134,1640,1510
600000,1410,4080,1000,410
585000,1980,8550,990,990
920000,2730,6000,2130,600
885000,2830,5000,2830,0
292500,2250,4495,2250,0
301000,2420,4750,2420,0
951000,3250,14342,3250,0
430000,1850,9976,1850,0
650000,2150,21235,1590,560
289000,1260,8400,1260,0
505000,2519,8690,2519,0
549000,1540,1044,1540,0
425000,1660,6000,1110,550
317625,2770,3809,1770,1000
975000,2720,11049,2720,0
287000,2240,4648,2240,0
204000,1000,12070,1000,0
1.33E+06,3200,20158,1600,1600
1.04E+06,4770,50094,3070,1700
325000,1260,5612,1260,0
571000,2750,7807,2250,500
360000,2380,5000,2380,0
349000,1790,50529,1090,700
832500,3430,35102,2390,1040
380000,1760,7300,880,880
480000,1040,5060,1040,0
410000,1410,5060,910,500
720000,3450,39683,3450,0
390000,2350,5100,2350,0
360000,1900,5889,1900,0
355000,2020,6720,1010,1010
356000,1680,8712,1680,0
315000,960,6634,960,0
940000,2140,3600,1900,240
305000,2660,8400,2660,0
461000,2770,6278,1980,790
215000,1610,2040,1610,0
335000,1030,1066,765,265
243500,1980,7403,1980,0
1.10E+06,3520,6353,3520,0
153000,1200,10500,1200,0
430000,1580,5000,1290,290
700000,1580,5000,1290,290
905000,3300,10250,2390,910
247500,1960,15681,1960,0
199000,1160,6400,1160,0
314000,1810,41800,1210,600
437500,2320,36847,2320,0
850830,2070,13241,1270,800
555000,1980,3478,1440,540
699950,2190,107593,2190,0
1.09E+06,2920,8113,2920,0
290000,1210,33919,1210,0
375000,2340,10005,1460,880
460000,1670,4005,1170,500
188500,1240,2493,1240,0
680000,3140,28037,3140,0
470000,2030,12342,2030,0
597750,2310,9624,2310,0
570000,1260,3328,700,560
272500,1540,12600,1160,380
329950,2080,5969,1080,1000
480000,3230,16171,2520,710
740500,4380,6350,2780,1600
518500,1590,1102,1590,0
205425,880,6780,880,0
171800,1570,9600,1570,0
535000,1610,2982,1610,0
660000,2400,6474,1560,840
391500,1450,9132,1450,0
395000,770,6000,770,0
445000,2100,4400,1720,380
770000,2910,10204,2910,0
1.45E+06,2750,17789,1980,770
445000,2100,8201,1620,480
260000,2160,8811,1360,800
822500,2320,4960,1720,600
430000,2070,4310,2070,0
212000,1060,7875,1060,0
660500,2010,9603,1440,570
784000,3950,111078,2460,1490
453246,2010,2287,1390,620
675000,2140,2278,2140,0
199000,1320,17390,1320,0
220000,2020,7840,1010,1010
452000,2590,10002,1340,1250
382500,1190,4440,1190,0
519950,1170,1249,1170,0
665000,1110,3200,1110,0
527700,2820,9375,1550,1270
205000,1610,8579,1010,600
420000,1060,8097,940,120
500000,2030,8517,1380,650
921500,3670,315374,3670,0
890000,2550,4000,2370,180
430000,2420,60984,2420,0
258000,2260,12500,1130,1130
511000,1430,3455,980,450
532170,1360,3090,1360,0
560000,1110,5000,1110,0
282950,1250,8200,1250,0
2.25E+06,5180,19850,3540,1640
350000,700,5100,700,0
215000,1180,7669,1180,0
650000,3960,25245,2500,1460
320000,2640,7500,1620,1020
247000,1270,7198,1270,0
320000,1760,11180,1760,0
255000,2060,8632,1030,1030
438000,1780,9660,1780,0
900000,3400,16603,3400,0
441000,1910,7280,1160,750
420000,2020,38332,1010,1010
370000,1580,7000,1180,400
269950,1340,7250,700,640
807100,2680,4499,2680,0
653000,2680,9750,1610,1070
371500,1370,8336,1370,0
284000,1560,21000,1560,0
272000,2160,7140,1670,490
313000,1340,7912,1340,0
917500,3880,35003,2570,1310
673000,2590,8190,2590,0
425000,1120,1100,820,300
399950,1970,5400,1320,650
385000,1220,4800,1220,0
269950,1950,7560,1320,630
330000,1350,8220,1060,290
260000,1670,5797,1670,0
470000,2380,5125,1680,700
589000,2440,9600,2440,0
163500,1050,3419,1050,0
835000,3130,13412,2140,990
1.10E+06,4090,12850,2090,2000
269000,1490,10000,1100,390
560000,1900,8744,1900,0
615000,1330,2400,1330,0
585188,2230,10026,1430,800
305000,1650,9480,1220,430
166950,1190,8820,1190,0
799000,2140,9897,2140,0
400000,2180,7508,1420,760
230000,1060,10228,1060,0
256883,1690,5025,1690,0
423000,1970,6480,1130,840
465000,2150,4084,2150,0
440000,1910,66211,1910,0
385000,1350,155073,1350,0
210000,860,11725,860,0
297000,1940,14952,1940,0
470000,1010,5000,1010,0
226500,1300,7370,900,400
274250,910,8450,910,0
840000,2480,11010,1630,850
677900,2440,4587,2440,0
425000,1010,5864,1010,0
180250,900,9600,900,0
464000,2300,3404,1600,700
320000,1550,7579,1550,0
625504,1270,1566,1060,210
592500,2240,12032,2240,0
465000,2714,17936,2714,0
477000,1720,6270,1720,0
280000,850,16400,850,0
1.51E+06,3300,33474,1870,1430
445838,2250,5692,2250,0
1.07E+06,3900,14864,1950,1950
467000,1320,10800,1320,0
686000,2760,6440,2760,0
279950,1750,9750,1350,400
527000,2330,19436,2330,0
325000,2220,16020,1780,440
328000,2020,8379,2020,0
390000,1250,7500,1250,0
479950,1510,6516,1510,0
264950,1720,9753,1120,600
235000,1430,15246,980,450
516500,1480,4729,1480,0
655000,1450,15798,1230,220
500000,2280,15347,2280,0
315000,2940,7350,1780,1160
213000,1000,10200,1000,0
475000,2480,5280,1620,860
1.03E+06,3760,28040,3760,0
416000,2220,94300,1640,580
410000,1970,4740,1670,300
800000,3830,221284,3530,300
472000,4410,14034,2350,2060
225000,1430,8505,1430,0
210000,830,6000,830,0
455000,1430,5000,1430,0
225000,1300,8316,1300,0
480000,1030,3060,790,240
363000,2740,11872,2740,0
2.40E+06,3650,8354,1830,1820
181000,720,5120,720,0
250000,2010,7312,2010,0
481000,1560,3000,770,790
260000,1810,7209,1240,570
455000,3360,7685,3360,0
415000,1510,36224,1510,0
349500,1400,3538,800,600
245000,1730,7442,1730,0
592500,1420,9191,1420,0
385000,2360,7620,1180,1180
315000,1580,11455,1200,380
255000,1230,10170,1230,0
693000,2460,4425,2460,0
780000,1660,4400,1460,200
237000,1270,8470,1270,0
525000,2100,40510,1320,780
425000,770,5040,770,0
369900,760,10079,760,0
290000,1700,7280,1700,0
285000,1120,10701,1120,0
415000,1070,4500,1070,0
272500,2070,9900,1420,650
2.90E+06,5050,20100,4750,300
1.37E+06,5310,57346,5310,0
436000,1040,7538,1040,0
210000,1700,11390,1700,0
236000,1300,5898,1300,0
331000,1080,1306,580,500
365000,2653,4510,2653,0
450000,2290,16258,2290,0
770000,3820,26300,2850,970
455000,2210,49375,2210,0
405000,2390,6000,1240,1150
304900,2600,11325,1610,990
170000,860,5265,860,0
2.05E+06,3830,8480,2630,1200
780000,3500,7048,3500,0
330000,2420,13959,1740,680
370000,2720,8666,2720,0
467000,2500,13500,1850,650
405000,1670,6720,1140,530
675000,2900,10300,1450,1450
500000,1640,14100,1140,500
389999,1890,15770,1890,0
630000,2950,9025,1780,1170
360000,2160,9528,2160,0
580000,3280,11060,2270,1010
550000,1970,4166,1270,700
879000,3360,22111,3360,0
265000,1320,8959,1320,0
446500,2650,7286,2650,0
404000,2030,8880,1330,700
267500,1590,11914,1090,500
3.08E+06,4550,18641,2600,1950
335000,2440,7632,2440,0
576000,1940,9000,970,970
208633,2040,3810,2040,0
315000,2200,8750,1120,1080
725000,1920,3300,960,960
550000,1800,7750,1400,400
610750,2180,7297,2180,0
550700,1010,5000,1010,0
665000,3320,10574,2220,1100
834000,2370,4000,1980,390
201000,1660,78408,1660,0
2.38E+06,3650,9050,3370,280
1.38E+06,4290,12103,2690,1600
1.40E+06,4290,12103,2690,1600
305000,1950,7700,1350,600
487000,2590,14052,1720,870
390000,1930,64904,1930,0
548000,1470,3864,1170,300
268750,800,8775,800,0
819900,3150,7119,3150,0
520000,2030,16200,2030,0
230000,1450,11204,1450,0
240000,1510,10248,1510,0
232000,1240,12092,960,280
240500,1240,12092,960,280
274975,3030,45004,3030,0
740000,2050,4400,2050,0
186375,1000,7636,1000,0
790000,2370,10289,1590,780
880000,2800,6750,1890,910
279000,2240,11180,2240,0
295000,1810,10530,1810,0
640000,1070,5000,1070,0
940000,2490,9525,2490,0
260000,1960,5238,1960,0
559900,2930,5569,1860,1070
791500,1510,3500,1510,0
265000,1420,8250,1420,0
245000,1740,11547,1740,0
485000,2560,43995,2560,0
684000,3040,8414,2420,620
425000,2500,6840,1300,1200
309600,1275,20000,1275,0
552250,2580,5823,2580,0
165000,1000,7134,1000,0
239900,1000,7134,1000,0
320000,1070,32633,1070,0
206600,1390,13464,1390,0
387000,2500,7690,1250,1250
299000,560,12120,560,0
855000,2270,10460,2270,0
315000,1900,14400,1300,600
437500,990,3120,790,200
252000,1550,19800,1050,500
375000,2200,7475,1100,1100
300000,1910,4862,1910,0
420000,1750,9600,1750,0
900000,1330,77972,1330,0
679900,2440,5750,1980,460
463000,1640,29970,1640,0
380000,2760,11340,2760,0
329500,1820,7912,1820,0
604950,2110,5608,1340,770
795000,3040,9570,1640,1400
465000,1840,40438,1840,0
673000,2990,10400,2990,0
810000,3520,15420,3520,0
785000,2440,69415,1910,530
338000,2090,7500,1370,720
280000,1430,7222,1430,0
315000,2180,10754,1100,1080
530000,2180,10754,1100,1080
380000,3450,9914,3450,0
297000,1450,7562,1450,0
730000,3230,7331,3230,0
450000,1640,13500,1110,530
275000,1590,7750,1060,530
595000,2020,2849,2020,0
435000,1300,3348,1300,0
270000,1380,209959,1380,0
950000,4040,14338,3030,1010
389000,2130,5337,2130,0
560000,2550,7800,1580,970
1.35E+06,4800,14984,3480,1320
799000,2510,11585,2510,0
365500,1410,9600,1410,0
252350,1650,7352,1160,490
403950,2120,13780,2120,0
385000,2040,10726,1380,660
345000,1550,7620,1550,0
490000,1980,3128,1980,0
330000,1600,26977,1600,0
927000,3300,12090,3300,0
1.12E+06,3840,16619,3840,0
330000,1220,10000,1220,0
530000,2720,8800,1500,1220
365000,1940,25600,1940,0
378750,2160,3000,1260,900
269900,1530,8750,1530,0
557000,1710,2096,1290,420
360000,3730,16980,2150,1580
352000,940,5000,940,0
437000,1750,22357,1750,0
322500,1820,6753,1820,0
650000,1510,2000,1330,180
450000,1290,1213,1290,0
278500,1570,5250,1570,0
364950,1930,6957,1930,0
840000,2840,40139,2840,0
268000,1550,8134,1550,0
517534,833,143947,833,0
632925,2990,32239,2990,0
577500,2000,7251,2000,0
339000,2390,7480,2390,0
570000,2910,37461,1530,1380
563500,2085,174240,1610,475
423000,2200,9351,1290,910
355000,1860,5028,1860,0
1.55E+06,6070,171626,6070,0
482000,950,3960,950,0
625000,1600,9135,1600,0
538000,2250,11632,2250,0
380000,2280,10255,2280,0
375000,940,5120,940,0
245000,1530,8500,1030,500
310000,2190,27260,2190,0
1.30E+06,2350,15021,1770,580
397000,1440,7680,1200,240
365000,2200,4052,2200,0
328500,2290,8250,2290,0
988000,4040,19700,4040,0
1.00E+06,2610,3277,1920,690
237000,1490,2138,1490,0
525000,2450,5280,2450,0
749000,1710,9627,1440,270
722500,4870,11800,3470,1400
843000,3130,8750,3130,0
438000,1270,1372,1270,0
578000,2120,10875,1540,580
227950,1670,8230,1670,0
196000,2070,11576,2070,0
641000,1420,5332,1070,350
350000,1250,219978,1250,0
205000,940,7980,940,0
400000,1920,9102,1920,0
1.03E+06,3545,9816,2610,935
505000,1260,5460,1260,0
475000,2340,7200,1300,1040
520000,2590,9263,1440,1150
1.45E+06,3970,24920,3260,710
333500,1220,9732,1220,0
232000,1400,10403,1400,0
691100,2360,16117,1710,650
811000,1870,9897,1870,0
551000,2830,5802,2830,0
496500,2260,3640,2260,0
705000,1970,20978,1770,200
578000,3140,9225,1770,1370
255000,1240,8659,1240,0
1.05E+06,3450,7832,3450,0
348000,2570,8491,2570,0
230000,1510,3413,1510,0
359500,2390,11250,2390,0
330000,980,7000,980,0
80000,430,5050,430,0
465000,1480,6360,1480,0
325000,1850,7324,1850,0
340500,2270,28025,1920,350
342500,1810,5192,1810,0
290900,1610,17600,1610,0
868700,3840,6161,3840,0
1.20E+06,4110,8400,3130,980
1.15E+06,4190,10259,3150,1040
859900,3390,6298,3390,0
520000,1890,3006,1890,0
460000,1610,2527,1080,530
438924,1050,4590,850,200
315000,630,6550,630,0
590000,2910,10650,1780,1130
378500,1700,8640,850,850
328500,1950,8130,1950,0
849950,2990,9773,2990,0
525000,1350,6000,900,450
1.39E+06,4860,181319,4860,0
295000,2160,7725,1460,700
1.07E+06,4860,11793,3860,1000
207950,890,5000,890,0
699900,2810,7302,2810,0
1.28E+06,3400,9500,3400,0
452000,1580,7350,960,620
370000,1680,5036,1680,0
232000,1300,11230,1300,0
669950,2820,14062,2380,440
397500,1510,6710,1070,440
490000,1230,1391,870,360
725000,2110,4140,1710,400
299000,3080,19635,1610,1470
625000,1490,5750,1190,300
437500,2120,4500,2120,0
650000,3180,5438,3180,0
475000,1490,3825,860,630
342000,1930,11947,1930,0
1.20E+06,2770,7800,2770,0
280000,1670,11610,1670,0
240000,1330,7200,1330,0
529000,1210,3328,1210,0
442000,1190,5100,1030,160
615000,1540,6872,820,720
1.49E+06,4030,10800,4030,0
585000,2430,7559,1580,850
480000,2600,7787,2600,0
1.10E+06,4410,57063,4410,0
290000,1330,8184,1330,0
615000,1900,5000,950,950
300000,1100,7680,1100,0
308000,1980,39150,1580,400
750000,2400,7745,2400,0
2.25E+06,4760,8036,3390,1370
890000,3180,194278,3180,0
288000,1190,7560,1190,0
190000,630,6000,630,0
515000,2530,5105,1520,1010
235000,1690,11054,1690,0
275000,940,5000,940,0
727500,1240,9119,1240,0
650000,3040,6587,3040,0
1.60E+06,6050,230652,6050,0
365000,1590,7085,1590,0
662000,2500,36947,2500,0
270500,1780,7848,1320,460
200000,1360,1898,1360,0
970000,4740,76230,4740,0
160000,1010,9600,1010,0
204000,1040,7405,1040,0
358000,1610,6655,1610,0
452000,1570,8268,1570,0
595000,1510,4000,1010,500
249000,1360,6082,1360,0
346900,1970,5106,1970,0
2.13E+06,5403,24069,5403,0
280000,1560,4350,1560,0
318888,2320,12000,2270,50
530000,2120,40518,2120,0
375000,2120,18500,2120,0
910000,3350,29242,3350,0
782000,2380,9614,2380,0
259950,1070,649,720,350
315000,2300,18360,1560,740
215000,1320,8865,1320,0
705000,2180,10221,1140,1040
1.45E+06,4380,6320,3580,800
451000,1790,9813,1790,0
261000,750,8125,750,0
396000,1300,8280,1300,0
725000,2990,29170,2990,0
1.95E+06,4640,15235,2860,1780
238000,1400,7242,1400,0
750000,2750,9563,2750,0
331500,2050,10271,2050,0
460000,2230,108900,1410,820
404950,2340,217014,2340,0
880000,2870,5163,2870,0
863000,4120,22370,4120,0
638700,2080,9162,1370,710
435000,1840,5680,1840,0
260000,1180,5350,1180,0
671500,2160,4000,1530,630
610000,1180,3400,1180,0
405000,1160,15029,870,290
338900,1830,5612,1830,0
720000,3200,7708,3200,0
442000,2560,5445,1760,800
650000,2550,5040,2550,0
263500,1330,9917,1040,290
300000,1220,75794,1220,0
266000,1805,3402,1805,0
930000,6050,84942,4150,1900
530000,2320,5493,2320,0
180000,1384,8960,1384,0
619000,2720,6439,2720,0
264000,1820,10608,1820,0
730000,2130,4920,1530,600
439000,2060,10070,2060,0
268500,1420,7500,1080,340
330000,1510,15744,1510,0
640000,2160,4000,1960,200
900000,3180,12600,3180,0
370000,2110,13300,2110,0
685000,2060,2900,1330,730
505000,1830,217800,1010,820
265000,1820,32666,1820,0
290000,1610,2937,1610,0
296000,1780,3600,1780,0
360000,1840,9611,1840,0
240500,1460,10584,990,470
372500,1400,2958,1400,0
595000,3370,14402,3370,0
515000,3590,8249,3590,0
1.22E+06,3200,15367,3200,0
507000,1670,6460,1670,0
399950,2420,31465,2420,0
185000,1430,10816,1430,0
460000,1440,7070,1440,0
435500,1450,4789,1450,0
469000,3550,13938,2100,1450
531000,1270,1175,1110,160
443500,940,6804,940,0
223000,1670,6824,1300,370
590000,3100,15842,2400,700
340000,1100,1760,1100,0
650000,1870,3388,1230,640
533600,1930,5080,1930,0
695000,2540,4694,2540,0
242000,1280,7524,1280,0
425000,1820,8814,1280,540
525000,1490,9414,1490,0
485000,1880,5502,1880,0
175000,1250,9775,1250,0
210000,1440,7210,1440,0
260000,1920,7415,1920,0
577000,2060,5750,1330,730
200000,1210,10588,1210,0
605000,1760,5000,940,820
325000,990,6750,990,0
289500,960,6400,820,140
559950,1660,1458,1660,0
1.04E+06,1900,9375,1330,570
543500,1270,2790,990,280
480000,3250,34293,3250,0
218000,960,9633,960,0
565000,1330,6000,960,370
426700,2080,7700,1600,480
650000,2690,11575,2130,560
542000,890,3060,770,120
415000,1070,8000,1070,0
214000,1200,8316,1200,0
245000,1360,8910,1360,0
314500,2050,13303,2050,0
1.12E+06,3000,5750,2000,1000
378000,1300,3850,800,500
305000,2250,9091,1340,910
595000,3740,6750,1980,1760
729500,1660,1091,1530,130
430000,2360,6699,2360,0
240000,1760,6500,1150,610
545000,1680,6200,1680,0
530000,1320,2500,870,450
157000,870,26326,870,0
425000,1260,7645,1260,0
220000,1000,6020,1000,0
521000,2020,36400,1550,470
325000,1920,6862,1120,800
597500,2150,5400,1380,770
337000,1470,3976,1470,0
1.00E+06,3180,10492,3180,0
3.07E+06,3930,55867,2330,1600
495000,990,6000,990,0
748000,2770,3330,1970,800
888000,1250,8710,1250,0
269900,1140,22267,1140,0
496500,2250,14440,1550,700
475000,1640,5097,1640,0
312000,1255,1374,1255,0
323000,1290,12231,1290,0
331000,1300,9079,1300,0
306000,1220,1086,1220,0
655000,2630,4000,2630,0
290000,1950,15954,1950,0
1.25E+06,3160,5000,2360,800
460000,1550,4708,860,690
435000,1700,6380,850,850
664000,2510,11880,1630,880
865000,1800,4180,1800,0
385000,1800,18000,1200,600
497000,1870,9315,1350,520
280000,1010,3000,1010,0
188000,1120,17487,1120,0
478500,2090,4755,1200,890
1.15E+06,4370,18361,4370,0
222000,1440,7187,970,470
799000,2580,209523,2580,0
609900,3190,7399,3190,0
413000,2380,5809,1750,630
400000,1420,4875,1420,0
802541,2990,6768,2990,0
320000,2680,7757,2680,0
507000,2730,7649,2730,0
387500,1220,8329,1220,0
396000,1500,12616,1500,0
373000,1830,11788,1430,400
1.48E+06,4570,19252,4570,0
359900,2470,7698,2470,0
410000,800,4342,670,130
690000,2900,23488,2900,0
245000,1410,5760,1410,0
700000,2830,25958,1610,1220
268000,1680,9966,1100,580
225000,1760,26055,920,840
980000,2240,11034,2240,0
795000,1380,5000,1380,0
195000,820,5100,820,0
480000,2180,10575,1730,450
485000,1400,3600,1100,300
130000,880,9000,880,0
325000,1060,5703,1060,0
440000,1530,7245,1530,0
550000,2480,14782,1460,1020
310000,1490,7150,1490,0
530000,3660,39478,3260,400
390000,2340,8548,2340,0
243000,1450,12125,1450,0
639000,2210,9875,2210,0
215000,1130,7400,1130,0
405000,1550,10500,1100,450
250000,1710,7140,1010,700
405500,1010,8108,1010,0
452000,2660,13579,2660,0
730000,2660,13579,2660,0
267000,1300,9644,1300,0
289950,1670,6186,1670,0
565000,960,4080,960,0
1.58E+06,4670,51836,4670,0
636000,2140,2770,1770,370
350000,2520,5500,1550,970
320000,1650,9380,1130,520
210000,1440,5680,1440,0
245000,1050,5900,1050,0
328000,1470,7650,1130,340
985000,4230,37769,4230,0
501000,1970,7972,1370,600
315000,1540,17424,1540,0
403000,2090,8354,2090,0
550000,2380,17950,2110,270
347500,2156,3562,2156,0
365000,2070,8893,2070,0
588000,1910,8167,1270,640
605000,1920,7400,1260,660
1.30E+06,3400,5979,2290,1110
233000,1400,9177,1400,0
360000,2210,17715,2210,0
459000,1170,4887,1020,150
740000,2100,72745,2100,0
305000,1160,9750,1160,0
395000,1500,4000,900,600
560000,2940,6000,2940,0
650000,2010,5070,1300,710
449950,2170,4912,2170,0
517500,1430,5200,1250,180
435000,1510,6460,1070,440
329999,1150,6908,800,350
950000,2150,4200,1140,1010
447000,1370,6001,1230,140
699800,2380,6600,2380,0
850000,1370,3850,770,600
316500,1600,14250,1070,530
942500,3750,9612,2030,1720
1.31E+06,3950,3938,2910,1040
856600,2400,13430,2400,0
405600,2830,4000,2830,0
565000,2440,22594,2440,0
400000,1190,1149,1050,140
330000,1400,218252,1400,0
374950,2730,4683,2730,0
405300,2390,7939,1610,780
560000,2060,31400,2060,0
824000,2490,9864,1290,1200
260000,1100,10968,1100,0
760000,2430,6099,1470,960
405000,3170,12750,2360,810
429900,2640,8625,2640,0
341500,1130,7223,1130,0
465250,1940,7642,1940,0
450000,1100,3000,1100,0
390000,1200,10800,1200,0
420000,2000,8030,1000,1000
269950,1890,4838,1730,160
493000,1910,2874,1060,850
370000,2710,5880,2710,0
2.25E+06,4860,9453,3100,1760
305000,1250,23680,1250,0
400000,1590,8219,970,620
320000,1240,1221,1050,190
715000,2000,4800,2000,0
650000,3610,10003,3610,0
218000,1930,8040,1930,0
500000,1280,5400,1280,0
460000,2090,40419,2090,0
232500,1940,9887,1140,800
408200,1800,5761,1800,0
522000,1730,8400,1400,330
675000,2810,11120,2810,0
1.36E+06,3550,11000,2260,1290
249950,1330,7980,1330,0
210000,750,34133,750,0
429950,1760,7216,1090,670
737500,3200,36276,3200,0
710000,1740,9000,1740,0
470000,2100,4700,2100,0
1.10E+06,4270,40097,4270,0
650000,1340,2720,1340,0
1.22E+06,3190,8684,1680,1510
422120,1630,4534,1630,0
625000,2990,15085,2990,0
385200,1550,7740,1550,0
500000,1690,4964,1690,0
308000,1960,12243,1960,0
565000,2390,9966,1360,1030
581000,2600,4438,2600,0
361000,1950,8698,1950,0
345000,1250,7210,1250,0
419000,1180,1253,840,340
347000,1680,4308,1680,0
625000,2220,36085,2220,0
2.40E+06,4890,15188,3090,1800
379000,2660,17852,2660,0
310000,1150,3323,1150,0
250000,1130,5500,1130,0
682000,2760,5000,2760,0
246500,1430,8919,1430,0
325000,1490,57381,1490,0
310950,2030,4997,2030,0
1.10E+06,3010,5000,1890,1120
287500,1810,7200,1130,680
431000,1810,7200,1130,680
226000,970,5000,970,0
825000,2010,3090,1510,500
175000,1300,6030,1300,0
465750,1260,10350,1260,0
659000,2610,24931,2610,0
595000,1910,5753,1110,800
350000,1780,16290,1780,0
270000,1900,8600,1900,0
662500,2450,25600,1340,1110
249900,1380,14000,1380,0
324500,1920,11340,1230,690
430000,1350,4003,1350,0
419950,1350,4003,1350,0
285000,2510,7440,1290,1220
332000,2470,7780,2470,0
282000,1660,10725,960,700
320000,1340,5175,940,400
428750,1620,30736,1620,0
330000,2300,35287,2300,0
456500,2000,2309,2000,0
352000,1640,11050,1640,0
664000,1530,4080,1530,0
628000,4000,11894,2190,1810
512000,1610,12555,1080,530
254000,2070,9000,1450,620
535800,1900,5790,1900,0
287653,1050,16050,1050,0
438000,1520,1304,1180,340
450000,2390,23899,1750,640
327000,2400,8050,2400,0
370500,1790,6120,1790,0
265000,1720,6271,1720,0
450000,2980,13260,1800,1180
425000,1520,213444,1520,0
166600,1150,8690,1150,0
245000,380,15000,380,0
565000,910,5212,910,0
539900,1650,10150,1230,420
910000,2480,3200,2480,0
280000,2050,7416,2050,0
275000,1420,8549,1420,0
467000,3460,6590,3460,0
457500,1500,4445,1500,0
381156,1320,3090,1320,0
289999,2180,8240,1220,960
642450,1830,4160,1230,600
469950,1620,8701,1220,400
795000,2920,13650,1460,1460
785000,3300,10514,3300,0
860000,3060,12095,3060,0
1.10E+06,3064,4764,3064,0
147500,1530,8498,1530,0
390000,1910,11576,1410,500
229000,1020,8100,1020,0
185000,1150,8100,1150,0
414900,1260,9570,870,390
200000,1920,4822,920,1000
225000,1800,9350,1800,0
720000,2040,4000,1360,680
930000,2200,4000,1430,770
1.27E+06,3200,17204,2160,1040
700000,2400,3118,1780,620
466000,1140,1058,1140,0
374000,1330,10640,1330,0
480000,1940,10035,1940,0
740000,3000,25341,3000,0
1.01E+06,1820,5400,1820,0
395000,2910,5000,2910,0
340000,1090,6771,1090,0
209000,1230,1340,1020,210
431650,1710,7700,1710,0
980000,3160,11470,1780,1380
660000,2680,28243,2680,0
730000,2190,9009,1840,350
291500,1260,9600,1260,0
905000,2970,14486,2340,630
800000,2570,50308,2570,0
839900,3810,13592,2560,1250
200000,1010,1157,950,60
300000,1480,6698,1080,400
530000,1250,6041,1250,0
314950,1654,8479,1654,0
255000,1410,9315,1410,0
550000,2160,5720,1500,660
435000,1400,4800,700,700
234000,1420,8738,1420,0
615000,2500,10062,1600,900
205000,1410,8384,1410,0
384000,2100,7135,1050,1050
324000,1750,7208,1750,0
645000,2070,5500,1130,940
570000,1570,1777,1260,310
324000,1920,5322,1920,0
270000,1000,10320,1000,0
290000,2120,7700,2120,0
250000,1440,9220,1440,0
342000,1660,16275,1660,0
255000,1340,8450,1340,0
800000,2380,11824,1450,930
451000,1560,4049,1000,560
990000,2780,10480,1390,1390
288400,1860,6687,1220,640
420000,2390,4600,1750,640
359000,1370,1140,1080,290
390000,2570,262018,1420,1150
300000,1320,2614,1320,0
545000,2520,7863,1500,1020
288349,1250,18616,1250,0
299900,1560,35026,1290,270
891000,2330,5000,1720,610
1.20E+06,3660,22410,1830,1830
378000,2790,4650,2790,0
299995,1060,7200,1060,0
253000,2020,6564,1310,710
350000,1580,47916,1580,0
565000,2020,4300,2020,0
315000,970,5665,970,0
570000,1490,6766,1490,0
971000,4390,10140,3350,1040
915000,2750,5589,1840,910
419000,2150,23568,2150,0
260000,1810,7480,1230,580
1.32E+06,2230,12968,2230,0
369950,2430,10720,2430,0
1.03E+06,3680,13384,3680,0
435000,1410,6750,1410,0
601000,1330,6743,1330,0
460500,1490,10650,1150,340
720000,2020,1159,2020,0
851000,3130,13202,3130,0
550000,2670,5000,2670,0
700000,1980,4560,1980,0
323000,2100,14850,2100,0
345500,1350,8581,1350,0
378000,2140,7920,1190,950
650000,2208,5000,2208,0
385000,1010,7380,1010,0
425000,970,2970,970,0
210000,1520,6174,1520,0
630000,2740,43101,2740,0
335000,1570,7500,1300,270
196500,1320,9000,1320,0
582800,2550,7636,1440,1110
440000,1560,7207,1250,310
752500,2360,8616,2360,0
532500,1330,5000,1210,120
265000,1070,9000,1070,0
397500,1510,13737,810,700
524250,1710,3469,1710,0
765000,2790,10819,2790,0
648000,2620,5450,2620,0
469500,2970,24759,1670,1300
237500,1050,7854,1050,0
216000,1280,8712,1280,0
427200,1030,8400,1030,0
280000,1900,7800,1390,510
718000,3070,9804,1740,1330
420000,1760,4139,1760,0
379000,930,5400,930,0
326100,880,7683,880,0
535000,1360,1016,1310,50
283000,2130,8560,1560,570
260000,1480,7469,1120,360
399000,1500,6388,1500,0
484950,1670,5004,1670,0
640000,2060,9828,2060,0
585000,2160,8158,1660,500
645000,2780,11583,1190,1590
253000,1490,7651,1490,0
178500,740,6460,740,0
291000,1860,6325,1860,0
199950,1590,20917,1590,0
553500,850,2340,850,0
189950,1030,4188,1030,0
289000,1850,9550,1850,0
700000,1830,4590,1830,0
270000,1560,8853,1560,0
258000,1730,8320,1230,500
530000,1930,7214,1930,0
245000,1422,3677,1422,0
563000,1380,5000,1380,0
515000,2430,4203,2430,0
325000,2610,7091,2610,0
540000,2000,217800,2000,0
280300,920,5000,490,430
460000,1750,5500,1050,700
475000,2020,8970,1180,840
900000,2460,44431,2460,0
538200,1780,7260,1780,0
429000,1080,3600,1080,0
164808,1250,5411,1250,0
520000,1870,7700,1870,0
475000,1700,8432,1230,470
283000,1480,47045,1480,0
321500,1930,6228,1930,0
840000,3130,21810,3130,0
287000,1370,6000,1370,0
375000,960,8106,960,0
349500,1260,7128,1260,0
446450,1480,7749,1480,0
315000,1930,9643,1930,0
271310,870,5340,870,0
315000,1300,8400,1300,0
245000,1490,6930,1490,0
543115,1380,5484,1030,350
900000,1190,8190,1190,0
2.45E+06,4250,6552,2870,1380
554000,1920,6045,1920,0
249900,2080,12522,2080,0
768000,3220,54160,2690,530
980000,3680,5854,2060,1620
395000,2070,9600,1270,800
415000,1480,2200,1480,0
380000,2000,6921,2000,0
566000,1560,5259,1560,0
218500,1600,8961,1390,210
550000,1940,10500,1140,800
512031,1540,3000,770,770
197500,820,8860,820,0
470000,1780,8784,1230,550
590000,1560,242629,1560,0
465000,2210,8862,1270,940
499000,2040,114562,2040,0
515000,1920,11500,1920,0
716500,1930,5000,1230,700
410000,1700,4250,890,810
850000,3450,6500,2450,1000
1.05E+06,3440,35021,3440,0
648000,2380,13435,2380,0
620000,2400,5350,1460,940
935000,5670,84267,5670,0
379000,1140,10320,1140,0
699000,1670,5375,1270,400
528000,1910,8005,1280,630
425000,1560,9452,1560,0
249500,1500,8645,1500,0
1.04E+06,4475,6642,4475,0
790000,2840,11900,1640,1200
399950,1020,18050,1020,0
275000,1410,9000,1410,0
550000,1520,2500,1520,0
140000,730,6890,730,0
250000,1190,6250,990,200
318000,1410,8909,1410,0
505000,1240,57000,1240,0
470500,2500,9248,1300,1200
360000,1050,9206,1050,0
1.24E+06,2680,8500,1480,1200
986000,2380,16080,1340,1040
515000,1060,4228,860,200
320000,2300,41900,1310,990
310000,2010,7426,1090,920
356700,1090,5000,730,360
775000,2320,5595,1510,810
325000,1040,7541,1040,0
208000,1810,8677,1810,0
825000,1150,12775,1150,0
515000,2360,11254,2360,0
490000,1970,3400,1420,550
675000,2690,28300,2690,0
360000,2080,4080,1040,1040
550000,2080,4080,1040,1040
225000,1370,9000,1370,0
500000,3410,9360,3410,0
385000,1850,11700,1850,0
837700,3010,12611,3010,0
448000,1530,3056,1530,0
730000,2690,21357,1420,1270
575000,2810,7140,1490,1320
430000,1810,7300,1240,570
435000,1560,3987,1560,0
241000,1010,9611,1010,0
453500,1000,1760,600,400
285000,990,1380,990,0
151000,720,4222,720,0
1.57E+06,6070,14731,6070,0
631000,2270,2400,2270,0
285000,1380,1073,1140,240
195000,1260,8378,840,420
817500,2910,35679,2910,0
550000,1810,12825,1810,0
1.13E+06,3160,8281,3160,0
609850,1910,1369,1910,0
200000,1230,4380,1230,0
367000,2960,6219,2960,0
285167,2200,8375,2200,0
275000,1270,32175,1270,0
350900,2540,12843,2540,0
660000,3030,9273,3030,0
525000,1520,8835,1520,0
262000,1560,7800,1560,0
690000,970,4560,970,0
624000,3570,14648,3570,0
353000,1350,7740,860,490
552500,3710,10400,2290,1420
224500,1430,8355,1430,0
239000,940,8571,940,0
975000,4300,12250,4300,0
1.20E+06,3990,13470,3990,0
505000,1380,4000,1380,0
302000,2020,7865,1010,1010
170000,1480,5670,780,700
195000,1190,27007,1190,0
272000,2550,6300,1560,990
369000,2550,6300,1560,990
332500,1500,6332,1500,0
515000,3000,8250,1760,1240
269000,1690,4250,1020,670
1.28E+06,4390,17832,2430,1960
303000,1560,4100,1560,0
420000,2940,8624,1690,1250
400000,1130,4100,990,140
225000,1020,8437,1020,0
219000,1310,2550,1310,0
605000,2570,9487,2570,0
625000,2020,6867,1010,1010
380000,1680,3240,840,840
620000,1770,7700,1770,0
687500,3190,10970,3190,0
225500,1440,7950,1440,0
252500,1150,6000,1150,0
510000,1860,3658,1860,0
510000,2430,5203,2430,0
725000,1940,4000,1940,0
75000,670,43377,670,0
492000,880,2970,880,0
425000,1930,14196,1330,600
1.96E+06,3120,7898,1560,1560
298900,1830,6162,1830,0
699000,3230,40319,3230,0
310000,700,3000,700,0
350000,1010,8580,1010,0
790000,2460,10061,1410,1050
305000,2230,5000,2230,0
315000,1570,2865,1570,0
267500,2390,6600,2390,0
1.75E+06,3460,7749,3020,440
435000,2400,8620,1640,760
482500,2940,7500,2940,0
5.11E+06,8010,45517,5990,2020
439995,1570,8400,1570,0
460000,1520,7500,1180,340
194000,1070,6440,1070,0
290000,440,8313,440,0
274700,2440,9600,1220,1220
900000,2660,3672,1800,860
1.15E+06,4460,103382,4460,0
605000,2010,3667,2010,0
359000,1450,3850,1450,0
850000,1400,9900,1400,0
505000,1500,2500,1500,0
565000,2500,7394,2500,0
585000,1280,7110,1000,280
328000,3380,7500,2420,960
749950,2910,18700,2210,700
826000,3060,7140,3060,0
535000,1330,40259,1330,0
925000,3300,101930,3300,0
875000,3250,6000,2500,750
902000,2530,9200,1570,960
423000,1830,13900,1830,0
235000,1170,11100,1170,0
545000,2930,14057,1680,1250
343000,1230,7560,1230,0
334950,1620,2930,1620,0
405000,1760,5355,1160,600
220000,1440,8250,1440,0
173000,1740,8100,1050,690
655000,1270,3600,1270,0
406000,880,3000,880,0
632000,2560,8320,1370,1190
357000,1540,4000,1140,400
361000,1150,17585,1150,0
277000,770,8149,770,0
630000,4610,40202,2500,2110
254000,1850,4597,1850,0
472800,1840,8400,1290,550
263000,1490,3800,700,790
510000,1490,3800,700,790
179950,960,10125,960,0
525000,1580,7307,1160,420
479000,1260,889,1260,0
651000,1940,6440,970,970
949000,2490,7834,1240,1250
392400,2520,27951,1890,630
585000,1760,5356,920,840
460000,4190,7504,4190,0
470000,1170,4400,870,300
245000,1600,4271,1600,0
500000,2760,27631,1800,960
455000,2090,8653,2090,0
485500,2320,3974,2320,0
1.88E+06,4110,7920,3150,960
100000,770,17334,770,0
307000,1410,16105,1410,0
475000,3660,14401,2660,1000
330000,2180,7210,1190,990
130000,1110,7520,1110,0
320000,2280,7417,2280,0
735000,2820,6180,2050,770
365000,1570,9600,800,770
234000,1200,11935,1200,0
211000,1710,8288,1710,0
680000,3000,6320,2400,600
457000,2800,7845,2800,0
349000,1640,7261,1640,0
360000,2030,6840,1210,820
350000,2530,10155,2530,0
208000,990,7420,990,0
250275,790,11234,790,0
435000,790,11234,790,0
270000,1800,7763,1470,330
438000,1650,12940,1650,0
659000,1980,23625,1980,0
645000,2340,6350,1310,1030
685100,2790,5423,2790,0
350000,2800,9569,1400,1400
375000,1840,81892,1840,0
170000,1350,81549,1350,0
880000,3030,3841,3030,0
410500,1980,5000,1980,0
780000,3690,13609,3690,0
1.23E+06,3732,4426,2932,800
449000,1510,6852,1510,0
546000,2000,5000,1110,890
317000,1760,11410,1060,700
276900,1270,7566,1270,0
399000,2620,7030,1420,1200
495000,2630,10165,1690,940
258000,2270,9000,1330,940
600000,2410,102366,1940,470
265000,1120,881,1120,0
321000,3030,7000,1540,1490
682000,2120,4000,1720,400
295700,1720,5805,1720,0
609000,2150,37981,2150,0
995000,4380,47044,3720,660
530000,2010,11817,2010,0
614000,3150,5150,1870,1280
390000,2500,21780,1770,730
467000,1690,6642,1690,0
484000,3300,13501,2060,1240
340000,1240,1115,1240,0
302495,2200,7201,2200,0
532500,1620,3360,980,640
441500,2420,9592,1780,640
470000,2680,8062,1530,1150
2.30E+06,4250,8570,4250,0
590000,2400,99752,2400,0
320000,2300,12000,1770,530
363000,920,1201,800,120
747500,2350,18600,2350,0
750000,2630,7957,2630,0
831000,2170,4000,1610,560
403000,1700,4125,1700,0
445000,2470,4565,2470,0
345000,1250,17380,1250,0
2.26E+06,3110,14872,3110,0
371025,1530,8925,1530,0
355000,960,6250,960,0
270000,1240,14110,1240,0
425000,2440,15349,2440,0
364808,2320,7875,1620,700
320000,1580,6561,1200,380
325000,2963,5797,2963,0
350000,2470,10290,2230,240
170000,1370,10176,1370,0
255000,960,28717,960,0
550000,1130,7500,880,250
835000,4930,25714,4930,0
420000,1150,5120,800,350
925000,2190,7350,2190,0
389250,1490,4080,930,560
748000,2600,10183,1300,1300
284000,1530,9600,1200,330
588000,1680,5000,980,700
372500,1680,8648,1680,0
285000,1900,7194,1900,0
360000,1570,9467,1570,0
275000,1370,17859,1150,220
428000,1350,4225,1350,0
847000,3010,17864,3010,0
316000,1010,7838,1010,0
375000,2050,7205,2050,0
533000,1670,4080,1170,500
556000,3840,16905,3840,0
225000,2220,14120,1200,1020
537250,2590,9530,1640,950
255000,1180,13650,1180,0
530000,2950,4836,2950,0
5.30E+06,7390,24829,5000,2390
595000,2150,31238,2150,0
548000,2100,8880,2100,0
234975,1650,8073,1100,550
600000,1620,1325,1430,190
432000,1750,12528,1750,0
455000,1380,6657,1380,0
279950,1510,11234,1210,300
267500,1600,9072,1600,0
620000,1840,220308,1840,0
110000,830,7590,830,0
625000,1810,1846,1440,370
389000,910,7000,910,0
1.20E+06,2120,3360,2120,0
788500,2510,133729,2510,0
567000,2100,6936,1600,500
515000,2690,15000,1870,820
605000,2430,11870,1590,840
430000,2452,4800,2452,0
805000,1550,6000,1550,0
567500,2080,4556,2080,0
647500,1290,3870,1290,0
495000,1850,2530,1850,0
825000,3370,5000,3370,0
435000,2730,7506,2730,0
445950,1300,7800,1300,0
960000,3040,10257,3040,0
780000,2440,3600,1480,960
274500,1720,9000,1320,400
729953,3230,5167,2000,1230
464950,1200,890,1030,170
620000,2350,18800,2350,0
735000,3100,5600,3100,0
450000,2040,9565,1400,640
450000,2000,4676,1250,750
842500,2160,5298,2160,0
360000,1970,79714,1070,900
585000,2270,100545,2270,0
461000,1850,7923,1150,700
345000,1350,4494,920,430
1.08E+06,3280,10302,1680,1600
643000,2270,8391,2270,0
690000,2820,8307,2820,0
282000,1200,11111,1200,0
549000,2000,6130,1120,880
815000,2310,6000,1560,750
2.20E+06,4640,22703,2860,1780
700000,2330,11424,2330,0
933399,3940,10360,3110,830
290000,1440,11250,1440,0
372000,1960,9300,1340,620
450000,1250,2890,790,460
303700,1981,5700,1981,0
672000,2440,10049,2440,0
334000,1150,9360,1150,0
260000,1120,5650,1120,0
749950,1800,5700,1000,800
330000,2380,122038,2380,0
830000,2920,2808,2140,780
1.13E+06,2790,13791,2790,0
320000,1560,7552,910,650
260000,1550,15250,1550,0
225000,1700,11475,970,730
279200,640,6350,640,0
520000,2680,10000,2040,640
505000,1860,8060,1860,0
234000,1490,8366,1010,480
503000,2470,5044,2470,0
606000,2390,8858,1740,650
433500,1230,6000,780,450
250000,2840,10182,1510,1330
719000,2120,9307,2120,0
381000,1770,14400,1770,0
267000,2495,4400,2495,0
275000,1170,14149,880,290
651000,2740,7140,2740,0
439000,1050,5671,850,200
325000,1130,5070,1130,0
490000,880,6380,880,0
519900,2403,6172,2403,0
545000,3410,35040,3410,0
1.06E+06,5320,20041,5320,0
542000,1900,8250,950,950
465000,1810,21650,1810,0
408000,1200,3900,1200,0
292000,2060,5950,2060,0
253000,1250,10122,1250,0
280000,910,4662,910,0
658588,2560,41346,2560,0
635000,1920,8910,1200,720
439000,2240,8300,2240,0
300000,1260,3855,1260,0
345000,1360,13496,1360,0
283500,2100,8050,2100,0
425000,2110,4920,1460,650
685000,2210,8955,1560,650
750000,2360,12987,2360,0
245000,1280,8000,1280,0
585444,2740,6924,1640,1100
706000,2740,7571,2740,0
445000,2630,9099,1830,800
241000,1650,6000,1650,0
1.18E+06,1770,7155,1770,0
530000,1500,5750,1050,450
350000,1430,12199,1130,300
1.70E+06,3190,17186,3190,0
389000,1280,9630,1280,0
799000,2390,6820,2140,250
1.40E+06,4040,9630,2020,2020
340895,920,8612,920,0
780000,2730,10281,2730,0
350000,1320,73600,1320,0
470000,2620,4874,2620,0
914600,3180,80837,3180,0
354000,2900,4762,2900,0
470000,1900,6000,1900,0
715000,1760,5400,1160,600
265000,760,4000,760,0
2.54E+06,3710,20000,2760,950
640000,1530,4944,1530,0
290000,1990,18900,1870,120
480000,3830,35000,2130,1700
535000,2040,5600,1120,920
907000,2170,12220,2170,0
459000,1620,7330,1090,530
1.36E+06,3600,21399,2310,1290
264950,1470,11599,1070,400
352950,1760,3000,1760,0
491500,2230,13100,1510,720
1.23E+06,3770,37034,2830,940
369500,1200,9194,1200,0
566000,2090,6294,2090,0
290000,1500,7308,1210,290
5.35E+06,8000,23985,6720,1280
180000,870,5330,870,0
215000,1010,6000,1010,0
302000,1010,6000,1010,0
352500,1860,7881,1160,700
235867,1330,5926,1330,0
500000,1760,11946,1760,0
382000,1800,4500,1800,0
515000,1690,2402,990,700
250000,660,2600,660,0
672500,2400,5300,1250,1150
755000,3020,13031,3020,0
707500,1500,2555,1500,0
459000,1560,3840,960,600
140000,1090,10620,1090,0
495000,970,4284,970,0
757000,3190,5283,3190,0
765000,3190,5283,3190,0
359000,1890,6052,1890,0
440000,1050,7500,1050,0
400000,1390,7200,1140,250
652000,1700,4080,850,850
260000,1050,5850,1050,0
1.33E+06,3340,10796,2120,1220
519500,1540,17859,1540,0
650000,1710,5992,1560,150
280000,2100,8075,2100,0
515000,1730,7980,1730,0
400000,1500,2692,1500,0
652100,2380,5017,2380,0
235000,2180,7956,2180,0
701000,1840,10080,1840,0
640000,2341,9594,2341,0
455800,1690,4584,1690,0
504750,2490,21937,2490,0
483000,2440,15540,2440,0
530000,920,20412,920,0
250000,1030,8786,1030,0
229950,2000,5885,1260,740
884744,4210,9414,4210,0
514000,1610,9964,1080,530
532000,1910,35015,1430,480
423000,2660,5539,2660,0
420000,820,4025,820,0
521000,1730,18250,1730,0
577000,2360,7490,2360,0
425000,970,8040,970,0
495000,2460,4862,2460,0
340000,2690,8577,2690,0
499950,1820,1991,1430,390
1.22E+06,3470,4750,2370,1100
720000,3370,7634,2110,1260
249000,1700,8247,1010,690
206135,1340,11070,1340,0
300000,2000,9276,2000,0
612000,3840,14040,2460,1380
1.10E+06,3890,27311,3890,0
230000,1220,9100,1220,0
850000,2280,4600,1250,1030
355000,2770,7000,1940,830
442000,2520,7253,2520,0
399000,3060,5000,3060,0
360000,2390,7115,2390,0
390000,1320,7725,1320,0
413000,2900,8711,1650,1250
190000,700,9500,700,0
432900,2210,9226,2210,0
621138,2180,7741,2180,0
270000,2080,4252,1550,530
610000,2090,35040,1490,600
500000,1720,5525,960,760
715000,2460,40635,2460,0
264000,1470,14821,1470,0
550000,1650,3200,1650,0
337000,1690,9087,1690,0
170000,970,8710,970,0
405000,2030,9095,1130,900
775000,2540,28563,2540,0
425000,1570,7475,1200,370
713000,2580,9242,1720,860
555000,2090,8712,1420,670
810000,3260,5608,3260,0
1.25E+06,3830,41263,3830,0
819000,2130,6150,1530,600
409900,1690,1200,1410,280
935000,1780,2067,1780,0
657500,1620,7560,1380,240
900000,4210,6105,3280,930
932800,2980,7095,2980,0
391000,1490,9000,1490,0
420000,2110,9825,2110,0
1.30E+06,6563,32670,5153,1410
415000,1510,16800,1510,0
350000,1830,9425,1590,240
375000,1230,1820,830,400
860000,2180,14135,1300,880
495000,2220,8872,1110,1110
250000,1730,8400,1730,0
365000,1990,21312,1990,0
503000,1540,6760,1210,330
150000,1100,7200,1100,0
450000,1640,1480,820,820
355000,2590,7213,2590,0
245000,1450,9333,1450,0
265900,1180,7793,1180,0
299000,1820,7575,1220,600
957500,2360,11523,2360,0
343000,1120,7250,1120,0
307500,1646,7364,1646,0
937500,4210,14599,4210,0
610000,2480,45302,1620,860
720000,1590,7080,1310,280
610000,2130,2620,1650,480
434500,1650,7965,1650,0
602500,3090,47044,2250,840
607010,2180,4000,1700,480
610000,1800,5750,1040,760
828500,3720,35000,3720,0
199990,1100,8560,1100,0
294000,1530,9362,1530,0
789500,3010,6100,3010,0
797000,3500,9473,3500,0
539950,3100,5250,3100,0
284950,2000,6778,1170,830
776500,2290,10372,1510,780
525000,2400,10070,1510,890
303000,1850,4957,1850,0
722080,3680,7650,2340,1340
140000,1060,7473,1060,0
235000,1060,7473,1060,0
440000,1610,5500,1610,0
605000,2330,6000,1630,700
380000,1210,4800,1060,150
352000,1530,8890,980,550
420000,2270,12000,1360,910
1.18E+06,2590,7220,2590,0
1.38E+06,1850,10572,1850,0
300000,1500,14750,1500,0
1.15E+06,4740,49091,4740,0
453500,1710,4189,1160,550
443500,1920,7598,1920,0
332000,1150,8138,1150,0
655000,2320,4721,2320,0
475000,1420,6000,1420,0
372500,1550,12956,1210,340
1.05E+06,2920,7200,1470,1450
500000,1620,4200,830,790
900000,2300,24773,2300,0
327500,1070,7140,1070,0
390000,1790,7123,1790,0
451101,1510,1962,1510,0
455000,1340,5800,1340,0
650000,3350,46748,3350,0
895000,2500,7746,1910,590
800000,2350,10664,1510,840
703770,2550,12918,2550,0
249950,1320,10454,1320,0
512000,1270,3881,610,660
780000,3480,74052,1980,1500
336000,2820,11625,2820,0
285000,2110,6900,1220,890
229900,1100,7224,1100,0
667500,1920,4000,1540,380
378000,1890,12236,1230,660
454000,2530,43733,1530,1000
537500,2550,4630,2550,0
425000,1550,4160,1550,0
290000,1760,6600,1760,0
349500,1270,3600,1270,0
370000,1250,1655,830,420
549500,1620,8438,1620,0
245000,710,6322,710,0
208000,1070,7200,1070,0
248000,2320,8760,1160,1160
610000,5450,37058,5450,0
550000,1670,5116,1670,0
750000,3010,206910,3010,0
192000,1340,7380,1340,0
169317,790,4000,790,0
1.20E+06,3400,3850,2790,610
880000,1530,6350,1530,0
210000,930,7129,930,0
180500,1540,9800,1010,530
540000,1990,29078,1990,0
520000,2300,35722,2300,0
177500,1220,6000,1220,0
415000,2380,5650,1190,1190
495000,2020,7200,1010,1010
325000,1890,9646,1890,0
440000,1330,4903,1330,0
411000,1490,9844,1190,300
810000,3550,9600,2550,1000
561750,2040,8996,1020,1020
835100,2380,12573,2380,0
450000,1780,9969,1450,330
238000,1650,2807,1650,0
299000,1510,142803,1510,0
570000,1100,6240,1100,0
340000,2190,12626,2190,0
450000,1760,2275,1040,720
272750,1800,8786,1330,470
520000,2000,6380,1860,140
284950,990,10723,990,0
255000,1480,9660,1480,0
231500,1200,9488,1200,0
415000,3000,204732,3000,0
330000,3504,6000,3504,0
365000,1300,12240,1300,0
425000,1330,9188,1330,0
400000,1850,6480,1120,730
335000,2240,9701,2240,0
342000,1260,1251,1040,220
490000,2800,2580,1880,920
331500,1820,14319,1820,0
960000,1730,4102,1730,0
720500,3350,35298,3350,0
830000,3370,6550,2840,530
662990,1240,3600,1240,0
220000,2340,10507,2340,0
349950,1880,4179,940,940
550000,1810,2159,1010,800
396000,2340,5668,1200,1140
635000,2820,4000,2820,0
293000,1020,7650,1020,0
339000,2090,10120,1290,800
285000,1830,8734,1830,0
775000,2980,5000,2480,500
224000,1600,9289,1600,0
2.25E+06,4440,8125,3140,1300
165050,1200,8514,1200,0
275000,1230,4500,1230,0
445000,2930,5500,1750,1180
510000,2370,38639,1930,440
1.23E+06,3040,7000,3040,0
390000,1610,13500,1060,550
460000,2350,10450,1390,960
700000,2000,14733,2000,0
874150,3530,14406,2570,960
470000,2220,9800,2220,0
374000,2000,9416,2000,0
510000,1210,131115,1210,0
467000,1140,1181,1140,0
576000,2440,28405,2440,0
196440,1560,7352,1560,0
825000,3210,18901,3210,0
281000,930,2600,930,0
326000,1782,1577,1782,0
340000,1740,46580,1740,0
440000,3690,36036,1890,1800
749000,2930,18199,2930,0
340000,1230,8316,1230,0
561000,2000,7000,2000,0
270000,1520,7930,1160,360
600000,1040,3600,1040,0
219900,1120,5427,1120,0
617000,3020,360241,3020,0
469000,1820,8446,1820,0
229000,1370,56628,1370,0
1.27E+06,3130,2646,2290,840
365000,1640,8301,1290,350
429000,2650,9301,2650,0
550000,2850,6809,2850,0
453000,1820,16300,1220,600
187500,1180,7000,1180,0
520500,1880,14350,1640,240
300000,1280,12776,1280,0
799000,3120,5000,2370,750
338000,2470,4948,2470,0
800000,1700,4400,1700,0
360000,1180,3200,590,590
442500,2800,10490,1400,1400
700000,1300,1651359,1300,0
830000,3040,9601,1970,1070
360400,1630,11592,1630,0
345000,1340,9339,1340,0
300000,1830,51836,1430,400
350000,1240,10800,1240,0
368000,2500,36900,1540,960
264000,1760,7482,1760,0
435000,2660,16677,2210,450
200000,2060,15837,2060,0
620000,2540,3832,1760,780
1.68E+06,4830,11466,3720,1110
337000,1400,6000,700,700
1.93E+06,4280,20296,4280,0
544500,2230,10414,1450,780
252000,680,1638,680,0
445000,2340,3784,2340,0
379500,2070,14196,2070,0
189950,1910,4225,910,1000
469000,950,4250,950,0
600000,2910,53898,1510,1400
785000,2930,33981,2930,0
372000,2610,8967,2610,0
445000,3880,7180,3880,0
508000,3320,53392,2000,1320
780000,1940,4800,1940,0
541100,2510,9800,2510,0
729000,2660,5608,2660,0
397000,1710,134489,1710,0
451555,1320,4520,1320,0
300000,960,8153,960,0
416000,1790,11542,1190,600
490000,950,3060,810,140
480000,2940,5054,2940,0
368000,930,1662,670,260
1.04E+06,4570,10615,4570,0
545000,2370,9000,1570,800
850000,3430,15119,3430,0
550000,3540,4750,3540,0
600000,2240,9314,2240,0
535000,2710,12138,1700,1010
599950,2660,4975,2660,0
531000,2540,5022,1540,1000
530000,2210,7665,2210,0
597326,3570,8250,2860,710
805000,3450,33460,3450,0
390000,2330,8364,2330,0
487250,1690,3250,1550,140
301000,1030,8414,1030,0
1.18E+06,2560,5618,2220,340
299000,1950,3000,1950,0
2.35E+06,4370,22863,3670,700
400000,2350,3904,2350,0
467500,3160,7210,1880,1280
305000,2430,9103,2430,0
210000,1340,306848,1340,0
300000,1010,10168,1010,0
327500,1770,8755,1330,440
269000,1210,7136,1210,0
975000,3330,17533,1750,1580
355000,1240,5400,1060,180
712000,1250,4620,1150,100
883000,2960,41656,2960,0
190000,840,12252,840,0
443000,1530,8028,1200,330
920000,3750,11025,3750,0
285000,2150,8250,1240,910
901000,1560,4080,1560,0
552500,2040,5775,1410,630
256000,860,5000,860,0
341000,1720,7119,1720,0
279000,2090,8941,2090,0
686000,2130,10650,2130,0
225000,1300,11867,1300,0
215500,1220,15600,1220,0
950000,2420,4800,1520,900
503000,2940,156988,1870,1070
780000,2610,7567,2610,0
212000,1880,7500,980,900
580000,2330,6703,1710,620
465000,2200,3141,2060,140
206000,1720,7560,1720,0
615000,2250,10171,2250,0
519000,1640,6305,1640,0
1.14E+06,4130,11444,4130,0
330000,2600,3839,2600,0
240000,1920,7973,1920,0
574000,2060,7000,2060,0
930000,5710,24663,5710,0
850000,2720,183823,2720,0
415000,1490,7275,1090,400
480000,2360,9005,1340,1020
300000,1940,8875,1940,0
439000,2570,9503,2570,0
450000,1160,36831,1160,0
589000,2660,206480,2660,0
477000,1260,3000,1260,0
587500,1780,6120,1310,470
1.32E+06,3180,6105,3180,0
1.43E+06,3380,27589,3380,0
700000,2690,15000,1890,800
275000,1180,6552,1180,0
367500,1660,11783,1160,500
453250,2260,6300,2260,0
607000,1910,5428,1390,520
255000,2430,8960,1430,1000
501000,1300,2500,770,530
450000,1060,4650,910,150
360000,2200,8000,2200,0
460000,1720,3050,1040,680
753000,2360,8290,1180,1180
389950,820,4234,820,0
469000,1030,4400,1030,0
550000,2030,5688,1730,300
565000,2700,11675,1950,750
189650,1100,7600,1100,0
1.53E+06,3620,5131,2350,1270
260000,1340,8000,1340,0
243000,1790,12000,1040,750
1.10E+06,3830,13800,2030,1800
249000,1580,7200,1080,500
720000,2020,7200,1700,320
905000,3330,9557,3330,0
824500,2610,3500,1610,1000
762500,2610,8760,1760,850
580000,1740,1280,1740,0
380000,1840,8580,1840,0
805000,1080,3200,880,200
520000,1240,4532,1240,0
1.57E+06,5620,5800,4700,920
175000,1170,8925,1170,0
353500,1760,9602,1760,0
500000,2230,26989,1400,830
386500,1520,7350,1140,380
210000,1450,4750,850,600
439500,1600,6510,940,660
315000,3220,5751,3220,0
339000,1830,8601,1830,0
655000,2200,9163,1430,770
740000,2170,8678,2170,0
685000,1900,7843,1900,0
550000,2960,9877,1480,1480
405000,1710,4234,1330,380
765000,2620,17366,1430,1190
625000,2140,3600,1680,460
207000,2100,19680,2100,0
370000,2100,19680,2100,0
475000,1460,4961,1150,310
365000,990,8250,990,0
411800,2190,6800,1340,850
668000,3990,42436,2710,1280
618000,2340,3630,2340,0
247500,2460,5921,1230,1230
345000,2080,6150,1040,1040
616300,1700,8400,1700,0
348000,1330,6768,1330,0
425000,1630,10762,1630,0
850000,2920,11880,1660,1260
820000,2830,6137,2830,0
832000,3190,52953,3190,0
835000,1490,3840,1490,0
350000,1630,3425,1630,0
349000,2280,4096,2280,0
1.13E+06,3010,4360,2000,1010
320000,1590,3480,1590,0
150000,1250,7210,1250,0
340000,1710,10190,1310,400
785500,3280,8448,3280,0
410500,3362,8601,3362,0
580000,2200,11000,2200,0
345000,830,920,830,0
550000,2160,37000,1760,400
449500,2580,7299,2580,0
300000,2150,7007,2150,0
915000,3510,28052,3510,0
1.58E+06,3810,9916,3810,0
599000,2020,2750,1010,1010
755000,2120,10202,1620,500
400000,1250,7157,1250,0
133000,980,9115,980,0
330000,1250,8400,960,290
330000,1100,5000,1100,0
375000,1330,9417,710,620
485000,2560,8956,1500,1060
470000,1850,11250,1210,640
1.05E+06,2790,3600,1880,910
548800,1660,4704,1260,400
315000,1080,2674,720,360
590000,3030,9374,2100,930
439950,2380,12067,2380,0
325000,2250,26337,2250,0
400000,880,5111,880,0
685000,2770,10051,2770,0
339950,1340,10200,1340,0
315000,1660,8160,1660,0
411753,1710,3795,1710,0
577000,1620,4879,1040,580
500000,1530,8829,1530,0
210000,1440,10111,1440,0
640000,2020,16120,2020,0
460000,1870,8663,1870,0
265000,620,4760,620,0
740000,5774,31675,4490,1284
230000,1240,6195,1240,0
315000,1890,10661,1460,430
432000,2410,51763,1410,1000
467000,1530,3984,1530,0
255000,2800,9900,2800,0
316500,1460,6360,1010,450
190000,1580,6250,860,720
490000,1450,2400,1450,0
378000,1990,23200,1990,0
598800,4470,17877,3230,1240
333800,1980,3868,1220,760
690000,2920,9904,2920,0
320000,1660,6200,830,830
1.25E+06,3190,6000,2410,780
335000,1560,9600,1560,0
840000,3050,33920,3050,0
608250,3030,21780,3030,0
550000,2260,4165,2260,0
240000,1260,7920,1260,0
998000,3370,11757,3370,0
275000,1490,8000,1490,0
284200,1570,9292,1110,460
1.72E+06,4490,7623,3090,1400
2.40E+06,4090,24825,3400,690
930800,4150,96574,4150,0
930000,2900,10400,1530,1370
215000,1430,8775,1030,400
480000,1008,26487,1008,0
483945,1480,5120,840,640
347000,1240,8050,1240,0
232500,1370,9760,1110,260
390000,1770,33132,1190,580
550000,2160,15360,1410,750
590000,2340,8971,2340,0
420850,960,40946,960,0
345000,2280,8190,1390,890
429800,1970,7000,1970,0
302000,1530,17664,1530,0
800000,1790,3952,1790,0
250000,1700,6000,1700,0
605000,2660,4500,1330,1330
412000,1950,52256,1950,0
252000,1340,5670,1340,0
375000,1130,12500,1130,0
725000,1950,2719,1010,940
471750,3790,8200,2120,1670
490000,2020,85813,2020,0
439000,800,5100,800,0
355000,1770,8890,1770,0
250000,940,87120,940,0
780000,2260,16188,2260,0
409000,890,3271,890,0
420000,860,3880,860,0
200000,680,9600,680,0
830000,2130,35679,2130,0
695000,2390,4555,2390,0
815000,3488,9614,3488,0
210000,1260,6223,820,440
635000,2940,6000,1590,1350
562500,2440,7322,2440,0
402500,2600,11951,2600,0
555000,2080,7020,1040,1040
310000,1990,7173,1990,0
500000,2840,18001,2840,0
430000,2630,8800,1610,1020
1.60E+06,2820,7200,2460,360
627500,1560,4080,1560,0
335000,2330,7050,2330,0
962000,3320,20100,1810,1510
299000,1730,14270,1730,0
399950,3110,5868,3110,0
322000,1230,9660,1230,0
430000,950,4625,950,0
307000,1890,13860,1890,0
194000,1010,5000,1010,0
180000,1010,8581,1010,0
465000,2340,13383,1170,1170
722500,2460,9296,2460,0
470450,1010,3400,1010,0
280000,1650,6000,1650,0
176250,1440,6702,1440,0
560000,1710,9100,1320,390
830000,2760,11287,2000,760
276900,1350,10096,1350,0
625000,1660,4800,1660,0
1.02E+06,2960,4760,2160,800
463500,1090,8750,1090,0
485000,3110,9015,3110,0
272000,1380,7476,1380,0
305000,1290,3140,1290,0
760000,1980,13964,1980,0
387500,870,6126,870,0
352000,2470,5015,2470,0
507000,2140,40098,1490,650
156000,770,9750,770,0
580000,1490,857,1220,270
630000,2510,35020,1610,900
275000,1950,9000,1130,820
835000,3600,14720,1800,1800
340000,2380,7850,2380,0
329350,720,6687,720,0
1.48E+06,4070,26000,4070,0
475000,1250,150117,1250,0
719950,2190,2416,2190,0
235000,810,2451,810,0
875000,2440,5750,1320,1120
380000,1740,9150,1740,0
325000,1480,97138,1480,0
475000,2120,57050,2120,0
152900,900,4368,900,0
210000,1190,7570,1190,0
350000,1010,6000,750,260
505000,2100,17882,2100,0
464900,2020,8424,1380,640
650000,2520,5980,1790,730
369950,1370,1140,1080,290
250000,1530,2890,1530,0
320000,1530,2890,1530,0
2.53E+06,5040,16048,3420,1620
340000,2530,24700,2530,0
440000,1010,1968,1010,0
219950,1200,7727,1200,0
940000,2720,11740,2720,0
399950,1850,6125,1110,740
1.57E+06,2340,8828,2340,0
528000,1860,9750,1460,400
545000,1940,8990,1560,380
575000,1680,6194,1680,0
235000,1770,10184,1250,520
272000,1790,6371,1790,0
380000,1720,9600,1720,0
195000,1280,6967,1280,0
297000,1690,4988,1690,0
349000,2190,7294,2190,0
320000,710,5200,710,0
319990,1890,10707,1890,0
439900,1410,12282,1410,0
429000,2210,3600,1820,390
272500,1540,6250,1540,0
400000,1350,7255,1350,0
462000,1380,4300,1380,0
510000,890,6095,890,0
550000,1900,3255,1900,0
150000,1240,5200,1240,0
460000,1730,8490,1210,520
632500,2090,10306,2090,0
361000,1650,11220,1650,0
437000,1130,1221,1030,100
370000,3240,5750,2160,1080
884250,3840,12151,3840,0
225000,1200,9936,1200,0
235000,870,5000,870,0
767500,2410,6000,2220,190
1.20E+06,1560,8078,1560,0
715000,2410,46609,2410,0
417000,2300,7700,1380,920
199000,1390,12145,1390,0
875000,2920,5568,2320,600
545000,1370,3708,1370,0
192500,950,7692,950,0
822500,3090,7708,3090,0
800000,2390,10000,1590,800
1.25E+06,2070,4944,2070,0
3.85E+06,5770,21300,5770,0
295000,1460,7936,1460,0
419000,1510,4980,1510,0
1.20E+06,5180,19606,2610,2570
750000,3430,13907,3430,0
502000,1700,8400,1700,0
1.03E+06,2640,8000,1320,1320
398500,1200,15960,1200,0
700000,1850,4945,1850,0
248000,1510,9078,1510,0
800000,2130,2800,1070,1060
383000,2640,8055,2640,0
688000,3000,4000,1970,1030
521000,1870,5455,1060,810
365000,990,9223,990,0
491000,2005,7000,1605,400
643000,2030,7700,1400,630
279000,1500,7350,1060,440
583500,1530,3900,1530,0
310000,1990,3600,1990,0
310000,1420,7650,1100,320
280000,1400,13975,1400,0
272000,1870,5692,1870,0
870000,3040,36246,2680,360
307000,1790,7259,1390,400
490000,1590,4500,920,670
399950,2050,9396,1170,880
1.64E+06,4220,26784,2110,2110
989000,4030,13474,4030,0
264950,1770,9011,1050,720
491500,2100,7236,1400,700
345000,2120,15003,2120,0
339900,2600,18042,2020,580
852000,2400,4000,1860,540
585000,3180,40946,1690,1490
723000,2790,8793,1640,1150
594000,2080,70567,2080,0
405000,1370,4102,1370,0
725500,2790,74495,2790,0
800000,1740,5719,1740,0
1.33E+06,6400,76665,3810,2590
180500,1800,8518,1800,0
325000,1800,8518,1800,0
235000,1190,7280,1190,0
330000,860,8308,860,0
678500,2460,6600,1370,1090
463000,1980,6660,1980,0
250000,670,4640,670,0
655000,1410,4800,1410,0
239900,1860,7000,1120,740
185000,980,9135,980,0
1.74E+06,3040,5000,2080,960
251700,1810,11800,1240,570
400000,1560,8250,1320,240
735000,2100,7960,1340,760
1.70E+06,2500,15250,2500,0
82500,520,22334,520,0
765000,3010,7221,3010,0
292500,2140,8162,1420,720
270000,2390,7000,1990,400
415000,1510,6807,1090,420
950000,2210,19025,1460,750
353000,2170,8396,2170,0
670950,1790,2375,1790,0
280950,1390,8700,840,550
585000,1850,7735,1850,0
525000,1480,43645,1480,0
605000,1850,8823,1370,480
1.01E+06,3350,3752,2550,800
245990,1040,8410,1040,0
535000,2810,12607,2810,0
410000,1010,5750,1010,0
550000,2250,7752,2250,0
665000,1800,8000,1800,0
455000,2400,17239,1890,510
440000,1780,4000,1780,0
332000,2120,14915,1720,400
280000,1860,6607,1860,0
570000,1460,1021,1150,310
250000,1230,10350,1230,0
238000,1088,8453,1088,0
265000,800,5760,700,100
306000,1190,10350,1190,0
345000,1940,4182,1240,700
765000,3300,10764,1720,1580
346300,2590,11018,2590,0
342500,2080,11375,2080,0
501000,2680,5439,2680,0
270000,1670,8364,1300,370
638000,1830,4400,1720,110
460000,1400,2003,700,700
760000,2770,8521,1470,1300
1.09E+06,3630,11019,2150,1480
234000,1040,8128,1040,0
1.65E+06,2690,8890,2690,0
488000,2020,5000,2020,0
1.55E+06,2450,20805,2450,0
499000,2030,12675,2030,0
150000,1450,6776,1450,0
333000,2400,7270,2400,0
700000,2870,8625,1860,1010
275000,1340,22500,1340,0
330000,1680,11312,1080,600
360000,1850,8827,1850,0
467000,1220,8040,1220,0
568000,2320,57063,1790,530
605000,3220,9603,3220,0
750000,3190,9023,3190,0
760000,3530,69834,3530,0
265000,2050,10519,1240,810
490000,1720,12540,1720,0
360000,2850,4650,2850,0
311750,2270,12000,1290,980
399000,1880,12473,1420,460
347000,2770,9751,2770,0
1.68E+06,4490,34982,4490,0
585000,3110,6479,3110,0
340000,2360,7475,2360,0
612000,2180,5496,2180,0
230000,1910,3376,1910,0
604000,2260,7753,2260,0
250000,1770,8868,1770,0
258500,1460,7930,1460,0
783000,2080,5000,1470,610
1.05E+06,2960,7680,1550,1410
760000,3220,4031,3220,0
276000,1140,5000,1140,0
550000,1660,12377,1660,0
398000,1430,6240,1430,0
775000,1820,4300,1620,200
1.03E+06,3540,10202,2720,820
327000,1620,6000,1620,0
564500,3100,14568,3100,0
782000,1500,6820,1500,0
398000,2820,5510,2820,0
257000,1850,10920,1850,0
235000,1570,9415,1570,0
453000,2300,37533,1550,750
535000,920,9000,920,0
275000,1600,7000,1600,0
665000,2630,10047,2630,0
670000,3020,13530,1540,1480
465000,1490,10757,1060,430
210000,1160,5200,1160,0
265000,2040,4443,2040,0
426000,1550,2657,1550,0
529219,1990,7610,1290,700
600000,1900,46609,1440,460
875000,3840,8279,3840,0
608000,2400,7680,1200,1200
220000,1660,21514,1660,0
1.76E+06,6055,21630,3555,2500
295450,2030,17120,1890,140
315000,840,5087,840,0
205000,1450,8175,1450,0
310000,1460,9908,1460,0
1.00E+06,2010,5210,1890,120
525000,2910,7631,2910,0
284000,1880,8800,1130,750
510000,2170,26460,1450,720
405000,1260,4377,1260,0
509950,1970,9153,1970,0
600000,2090,45738,2090,0
990000,3450,4940,2570,880
280005,1130,7200,1130,0
700000,2600,7668,1300,1300
330000,1030,7620,1030,0
340000,1700,6718,1230,470
468000,1480,2167,1390,90
1.34E+06,4250,19387,3260,990
515000,1600,20873,1600,0
245000,1870,8750,1870,0
265000,1440,7741,1000,440
372400,2720,11937,2720,0
390000,1240,8410,1240,0
208000,1020,6120,1020,0
273000,1180,7750,590,590
455000,3080,7759,2310,770
270000,1750,6397,1750,0
618000,2530,8736,1210,1320
213550,1580,8541,1580,0
210000,2340,9148,2340,0
2.75E+06,6300,16065,4360,1940
403500,2400,3844,1200,1200
235000,1300,7600,1300,0
287500,1760,7147,880,880
546800,1520,5910,1020,500
183000,1070,8100,1070,0
560000,2560,216777,2560,0
299500,1280,6726,1280,0
610000,1660,7350,1660,0
288350,1860,7963,1200,660
500000,950,4500,850,100
625000,2140,4000,1190,950
418000,1480,1349,1240,240
660000,2260,1825,1660,600
775000,2300,6158,2300,0
429500,1650,7272,1230,420
569000,1990,3000,1230,760
250000,1960,7560,1160,800
225000,1310,10491,1310,0
530000,2450,15002,2450,0
306000,910,8658,910,0
517100,1580,9719,1580,0
354950,1780,9689,1130,650
348000,1040,1824,1040,0
522250,2340,41600,1640,700
275000,1720,8755,1000,720
390000,1600,10440,1600,0
260000,1320,9750,1320,0
585000,2350,4178,1520,830
605000,2740,5616,1670,1070
342000,2300,6448,2300,0
900000,4350,37169,2950,1400
252000,1430,7700,980,450
357000,2400,14012,2400,0
370000,940,7910,940,0
322500,1020,13504,1020,0
210000,1680,5756,1680,0
290000,1340,9840,1340,0
860000,3960,7012,3960,0
302000,2650,4621,2650,0
369160,2120,9680,2120,0
1.19E+06,2850,3000,2530,320
993000,2850,14810,2490,360
380000,1870,6969,1870,0
635000,2660,8160,1380,1280
260000,1190,11120,1190,0
243000,1770,5522,960,810
1.40E+06,2770,8879,2770,0
665000,2080,8100,1220,860
898000,2700,9000,2700,0
583000,2200,9453,1100,1100
429000,2160,7700,2160,0
471000,2010,4059,2010,0
1.81E+06,3780,8295,2430,1350
739500,4460,51177,4460,0
450000,1770,17208,1160,610
552500,1430,5000,1430,0
437000,1700,10642,850,850
270000,1830,5220,1830,0
226740,1410,8800,1410,0
446500,3060,7920,1810,1250
283000,1820,15068,1520,300
445000,2430,13211,2430,0
250000,740,6840,740,0
307000,770,6552,670,100
315000,2200,8580,1860,340
555000,2920,23085,1540,1380
264900,2040,7000,1250,790
510000,1600,4510,990,610
328000,1990,3980,1990,0
358000,1830,7308,1830,0
325000,2540,4260,2540,0
1.37E+06,2700,3444,2700,0
230000,1440,10800,1440,0
545000,1550,4000,940,610
705380,2490,4343,2490,0
459000,2650,12987,1350,1300
815000,2000,3800,2000,0
495000,3440,4500,3280,160
520000,2280,58712,2280,0
430000,1320,1194,1320,0
255000,2070,7800,2070,0
588000,1860,4777,1860,0
350000,940,7811,940,0
625000,2290,21486,2290,0
172500,1510,20685,1250,260
554000,1830,3500,1290,540
775000,3090,7112,3090,0
1.19E+06,4340,217800,4340,0
618000,3200,12682,3200,0
305000,1560,8450,1560,0
232000,1280,13356,1280,0
262000,2020,6236,2020,0
234000,1040,8122,1040,0
500000,2260,7209,1330,930
278000,860,7632,860,0
230000,1920,19040,1160,760
500000,2290,9215,1270,1020
366500,2070,9300,1120,950
665000,4250,4400,3020,1230
1.10E+06,2220,4830,1790,430
575000,1840,4076,1140,700
674750,2590,9753,2590,0
719000,3110,6131,1560,1550
482000,2600,105587,1300,1300
254000,1060,8187,1060,0
443725,1250,3880,750,500
575000,2520,35636,2520,0
469000,2070,9957,1440,630
175000,1300,44431,1300,0
437000,2190,8316,1390,800
550000,2760,13113,1760,1000
172040,1710,7134,1130,580
363000,1750,7000,1750,0
282000,1552,3600,1552,0
400000,2350,6554,2000,350
650000,5110,10018,3850,1260
365000,1720,99916,1720,0
269950,1960,7230,1960,0
260000,1270,19602,1270,0
193000,1180,7000,1180,0
340000,2230,6791,2230,0
900000,4700,38412,3420,1280
371000,2150,8361,2150,0
592000,2400,81892,2400,0
300000,1830,12750,1830,0
449950,2800,6977,2800,0
299500,2090,7163,2090,0
995000,2340,13406,2340,0
335000,1670,9472,1100,570
280000,1990,7350,1180,810
446000,2270,7800,1290,980
1.54E+06,4910,15139,2560,2350
325000,950,4500,950,0
450000,1610,11200,1610,0
322500,1940,7107,1940,0
453000,1210,9473,1210,0
655000,2570,4412,2570,0
603000,1700,2800,1150,550
235000,1610,24000,1610,0
968933,4120,7304,3070,1050
1.02E+06,2880,11340,1690,1190
435000,1990,8548,1990,0
242000,1260,8092,1260,0
487000,4750,248600,4750,0
810000,3010,10450,3010,0
625000,2410,64073,1820,590
165000,1280,7742,1280,0
335000,2320,6750,1160,1160
286700,1220,6600,1220,0
699000,1400,4050,1400,0
280000,1590,7280,1140,450
580000,2220,7064,2220,0
754800,2770,7781,2770,0
525000,2303,16801,2303,0
562000,1600,10530,1600,0
575000,1280,6060,860,420
808900,2900,5901,2900,0
992000,2950,15207,2070,880
335000,1700,6698,1700,0
473000,1050,7200,1050,0
350000,2990,11210,1880,1110
1.60E+06,3100,5374,3100,0
305500,1240,6090,1240,0
306000,780,13500,780,0
233000,850,1656,850,0
490000,1540,9000,1540,0
445000,2280,42077,2280,0
355000,2550,9674,1850,700
360000,1770,7607,1770,0
737500,2320,10900,2320,0
985000,2600,11920,2600,0
349950,1570,2031,1310,260
520000,3060,7161,2860,200
355950,1960,8540,1220,740
485000,3270,6129,3270,0
143000,1090,3315,1090,0
3.28E+06,6840,10000,4350,2490
355000,940,8512,940,0
1.13E+06,3880,13885,2540,1340
200000,1770,15525,1770,0
913000,3640,10576,3640,0
1.60E+06,3160,12824,1820,1340
409900,1590,1845,1590,0
265000,1290,6034,1050,240
740000,3655,51836,2174,1481
306000,2490,8124,2490,0
381000,1470,3999,1470,0
1.22E+06,3960,6132,2600,1360
1.05E+06,3190,29982,2630,560
408000,810,7440,810,0
739900,2980,5377,2980,0
674250,2780,35000,2780,0
438400,1340,8100,1340,0
1.70E+06,4930,14649,4160,770
703000,1360,5980,1360,0
262000,1320,6530,1320,0
353000,1210,14499,1210,0
500000,1940,7607,1940,0
1.28E+06,3160,4620,2020,1140
332000,1980,6566,1980,0
824000,2320,14240,1620,700
290000,1660,4788,1660,0
700000,1660,1545,1400,260
550000,1080,3420,780,300
549000,1510,11165,1510,0
1.87E+06,2950,43560,2550,400
858000,3070,13720,3070,0
345000,970,10423,970,0
340000,2140,11651,2140,0
1.22E+06,2570,9600,2570,0
275000,1260,1488,1260,0
405000,1220,7771,1220,0
432500,1720,8145,1720,0
236500,2140,4217,1320,820
679000,1420,4923,1420,0
543000,2060,8451,2060,0
294000,1320,9520,990,330
340500,1810,10463,1810,0
1.01E+06,2980,16263,2980,0
335000,1350,2560,1350,0
425000,1540,8011,1540,0
353000,2510,9240,2510,0
540000,1670,5146,1670,0
640000,3690,11928,2540,1150
339950,1320,11457,1320,0
195000,1510,8400,980,530
322000,1510,8400,980,530
660000,1870,10450,1620,250
280000,2400,9373,2400,0
300000,2400,9373,2400,0
207500,1170,8816,1170,0
195000,1190,8726,1190,0
700000,2080,3880,1160,920
560000,2150,8555,1460,690
260000,1580,7344,1580,0
575000,1580,7344,1580,0
475000,2370,3239,1950,420
285000,1840,8601,920,920
753888,2660,5500,2660,0
650000,2190,3600,2190,0
620000,1660,3478,1100,560
526000,1780,37801,1300,480
155000,700,5200,700,0
342000,1570,11200,1120,450
390000,1220,216332,1220,0
685000,3150,219978,3000,150
608000,2690,4736,2690,0
179900,680,6400,680,0
1.25E+06,3750,14150,2750,1000
166000,1010,11675,1010,0
462000,1710,4500,1410,300
545000,2090,6023,2090,0
415000,1560,4500,1560,0
269000,1560,4200,1560,0
356500,2570,11473,2570,0
225000,1010,7633,1010,0
175000,1020,5130,1020,0
549000,1710,9720,1710,0
535000,2300,12197,2300,0
627000,1990,7712,1210,780
565000,2730,15677,2730,0
392450,2195,2681,1060,1135
509000,1560,4675,1560,0
340000,1400,4800,1200,200
537000,1400,4800,1200,200
865000,3690,9892,3690,0
358000,1140,8340,1140,0
595000,1920,3225,1300,620
661000,2496,8058,2496,0
419950,2280,8500,1680,600
490000,3200,6420,3200,0
525000,880,4000,880,0
350000,1320,1298,1320,0
552500,2450,3582,2450,0
210000,1040,8970,1040,0
390000,2480,53250,2480,0
336800,1830,16650,1610,220
465000,1440,4473,1440,0
299900,1580,3632,1580,0
715000,3230,5000,3230,0
235000,1810,39639,1230,580
276000,2495,4400,2495,0
265000,1740,12728,1180,560
425000,1680,3000,840,840
313000,2460,10320,2460,0
715000,3050,6000,1720,1330
265000,1630,10969,1630,0
646000,2460,6413,2460,0
175000,1030,6600,1030,0
649000,3410,13809,2450,960
785000,2310,5200,1520,790
890000,2610,4400,1260,1350
612000,2330,10327,2330,0
330000,2980,5674,2980,0
493000,1790,11393,1790,0
1.60E+06,2940,5735,1470,1470
1.62E+06,3900,9750,2520,1380
1.65E+06,3900,9750,2520,1380
499000,1750,2150,1230,520
603500,2660,8400,1550,1110
530000,1580,3680,1280,300
895000,2350,14197,1220,1130
267345,2510,8165,1610,900
275000,1480,15639,1480,0
439950,1720,223377,1240,480
455000,1470,4653,1470,0
630000,1540,6930,1250,290
690000,2820,5001,2820,0
212000,1250,12705,1250,0
231500,2080,7526,1280,800
1.24E+06,5180,49936,5180,0
378500,2860,43821,2860,0
482000,2710,35868,2710,0
695000,1140,3990,1140,0
965000,4070,57587,4070,0
675000,1710,5913,1120,590
387000,1340,6500,1340,0
347500,2290,7000,2290,0
385000,1860,7400,930,930
265000,1080,4930,1080,0
406000,960,5264,960,0
134000,980,5000,980,0
415000,1500,3399,1300,200
375000,1440,8775,1440,0
620000,2580,7465,2580,0
337500,2070,4698,2070,0
565000,1880,12368,1260,620
399500,2420,12676,2420,0
1.07E+06,1890,9466,1890,0
352500,1920,33630,1920,0
259000,1870,5909,1270,600
320000,900,7620,900,0
733000,2160,9888,2160,0
381500,900,2910,900,0
343000,1180,9261,940,240
205500,900,6400,900,0
525000,1600,16530,1600,0
300000,1500,8352,750,750
299000,1070,189486,1070,0
561000,2570,5250,2570,0
450000,1210,4000,1090,120
540000,1850,7850,1850,0
379000,1740,30886,1740,0
230000,1300,14000,1300,0
399950,2000,30605,2000,0
355000,3220,5806,3220,0
580000,2160,9593,2160,0
700000,2130,4299,1680,450
279900,1580,8151,1100,480
210000,1200,7500,1200,0
1.17E+06,3790,5001,2810,980
290300,860,3874,860,0
1.60E+06,5130,43123,5130,0
490000,1600,6380,1400,200
606000,2110,13850,2110,0
359950,1400,4980,950,450
677100,2110,9199,2110,0
465000,1430,7125,1430,0
4.50E+06,6640,40014,6350,290
500000,3040,41072,1520,1520
455000,980,5000,980,0
705000,2570,4240,1970,600
420000,2060,7020,1460,600
169575,1300,8284,1300,0
250000,1300,8284,1300,0
530000,1680,7262,1180,500
590000,4020,40341,2170,1850
257500,1530,14087,1070,460
415000,1170,6700,1170,0
536000,1580,3764,1280,300
246500,1270,11600,1270,0
395000,1480,7700,1480,0
739000,2220,10530,1700,520
1.27E+06,3200,13729,3200,0
190000,910,10575,910,0
305000,1480,9086,1480,0
925000,3770,13058,3770,0
895000,3500,13444,2360,1140
656000,1480,7475,1480,0
560000,1660,4690,1260,400
610000,2520,11700,2520,0
645000,2850,37522,2850,0
259000,2153,4400,2153,0
980000,3780,10962,3780,0
872000,3770,9750,1940,1830
1.00E+06,3600,9675,1940,1660
900000,2980,12600,1590,1390
475000,2320,5534,1540,780
350000,2980,13482,1730,1250
840000,2930,11562,1670,1260
500000,2040,8400,1420,620
202500,1510,9898,1110,400
523000,2660,65340,2660,0
225000,1740,10050,1740,0
418200,2240,9542,1190,1050
356500,1570,9670,1170,400
670000,2500,5000,1460,1040
456150,1750,12408,1150,600
471000,3030,9687,2020,1010
558000,1680,934,1680,0
1.38E+06,5740,10312,3610,2130
161500,1220,6000,1220,0
311000,1310,8370,1310,0
470000,2490,8732,2490,0
569000,2220,8227,1770,450
689000,2240,7350,2240,0
271900,1890,11875,1230,660
278000,1850,6037,1850,0
820000,2210,4440,1440,770
399500,1410,7700,1410,0
462000,1890,2614,1890,0
347500,1830,12036,1550,280
562100,1440,3700,1200,240
230000,950,7560,950,0
687000,2370,10083,2370,0
725786,3070,5762,3070,0
315500,1300,12600,1300,0
312000,1300,7054,1300,0
343000,1210,1173,1000,210
385195,710,6000,710,0
415000,2240,12650,1730,510
461000,3600,8666,2400,1200
369990,1960,7133,1960,0
349950,1820,3134,1820,0
285750,1960,17126,1400,560
542500,1750,10160,1320,430
830000,3700,5400,2890,810
705000,2910,20946,2350,560
615000,1270,5000,1090,180
184500,720,5880,720,0
412000,1040,5120,1040,0
250000,2210,11111,2210,0
580000,2060,6000,2060,0
220000,780,6000,780,0
675000,2240,8937,1460,780
373500,800,3330,800,0
662700,2440,6900,1590,850
239950,1460,6032,1460,0
383000,1150,10196,1150,0
485000,2650,12350,1470,1180
610000,2600,36583,1580,1020
545000,1820,6250,1130,690
780000,2560,2500,1690,870
305000,1714,3240,1714,0
405000,1330,15678,900,430
1.11E+06,7350,12231,4750,2600
273000,2050,9045,2050,0
326500,1810,12375,1810,0
365000,1380,9134,880,500
1.00E+06,3070,10739,2440,630
422500,800,4046,800,0
354450,2140,9920,2140,0
320000,1330,9540,1330,0
223000,1030,9120,1030,0
410000,1740,4948,1740,0
438000,1200,4000,1200,0
390000,1490,2944,960,530
298500,1890,5954,1890,0
749999,3060,13630,3060,0
779000,3250,12000,1800,1450
570000,2730,11936,1530,1200
385000,810,4600,810,0
649000,2240,11040,1120,1120
283000,1740,5247,1270,470
699900,2380,16236,1540,840
278500,1540,8400,770,770
700000,2340,9100,1610,730
535000,2710,45963,2710,0
234500,1310,18400,870,440
374150,1390,9585,1390,0
397000,2201,9542,2201,0
613000,1960,10385,1960,0
1.15E+06,2850,10474,1730,1120
595000,1880,4080,940,940
340000,2440,6858,2440,0
388000,2560,5800,2560,0
404000,1410,15210,1410,0
810000,2870,6360,1790,1080
405000,2620,9359,2620,0
726000,2970,10335,2970,0
266000,1780,7214,1400,380
722500,3700,7207,1850,1850
352000,1252,25002,992,260
265000,1240,8158,1110,130
856000,2160,3920,2160,0
346950,2040,4348,2040,0
866059,3130,4797,2570,560
410000,2350,4456,2350,0
370000,1570,16817,1570,0
230000,1530,389126,1530,0
400000,1520,5010,1520,0
172000,1350,9680,820,530
615000,1950,8480,1250,700
860000,3950,9600,3950,0
555000,2040,6000,1120,920
579000,1990,4040,1390,600
385000,1300,7030,1300,0
420000,2030,12000,2030,0
645000,2340,6750,1620,720
549950,2160,6288,2160,0
678000,2770,10000,1640,1130
199000,2030,8120,2030,0
604000,1440,13824,1440,0
268000,1730,10368,1010,720
960000,4510,16305,2820,1690
509250,2100,7600,1450,650
416000,1800,5372,1800,0
190000,1090,8520,1090,0
212000,1010,10000,1010,0
325900,2040,9765,2040,0
560000,2270,4088,1880,390
275000,1730,5799,1730,0
665000,2480,15411,2480,0
1.51E+06,3480,7232,2580,900
375000,1720,2410,970,750
359950,1570,6975,1040,530
340000,3527,7200,3527,0
401000,840,8100,840,0
669000,1950,10766,1160,790
638500,1980,6568,1980,0
545000,1620,3760,1170,450
524000,1980,7015,1260,720
1.61E+06,3530,13260,3530,0
280000,1260,4800,1100,160
828000,2120,10841,1500,620
223000,1360,10573,1360,0
1.29E+06,3100,2261,2250,850
750000,2370,155130,2370,0
430000,1460,9207,1210,250
711000,1980,10800,990,990
310000,1930,7014,1930,0
415000,3700,9140,1850,1850
274900,1970,6600,1970,0
525000,2470,36445,2470,0
179500,1180,32214,1180,0
478000,1280,2580,1280,0
195000,1380,7350,990,390
385000,2740,10925,1670,1070
401000,2020,9505,1260,760
522000,2835,6598,2835,0
330000,1520,14417,1520,0
503000,2190,4882,2190,0
175000,1680,8400,1680,0
963990,3915,6364,3915,0
845000,1720,9972,1720,0
157500,670,4500,670,0
450000,1790,1709,1400,390
925000,2440,11793,1420,1020
600000,920,5029,920,0
709000,1680,4087,1680,0
1.39E+06,3290,6480,2190,1100
248000,2120,6840,1220,900
245000,910,6630,910,0
332000,1000,4776,1000,0
459950,2340,4273,2340,0
425000,1180,1800,1180,0
460000,2080,50965,1590,490
838300,3760,12978,2360,1400
256000,1480,7200,1480,0
864000,3060,13554,3060,0
900000,3070,4440,2030,1040
145600,1170,7560,1170,0
865000,2900,6730,1830,1070
250250,2210,8000,2210,0
162000,1440,7641,1440,0
450000,1980,7350,1430,550
675500,2060,21344,1460,600
697000,2420,5304,1640,780
1.32E+06,3440,4080,2560,880
490000,1600,16510,1600,0
590000,2210,5742,1460,750
280000,2250,16000,1450,800
515000,1680,6500,1140,540
576000,1140,5395,1010,130
375000,1430,10574,1430,0
478000,1440,7107,1000,440
282000,1670,5200,1030,640
1.40E+06,3080,10550,1940,1140
593500,4300,50405,3220,1080
724950,3010,174240,3010,0
306000,1560,7500,1560,0
341000,1920,7665,1500,420
399950,1400,4400,1400,0
534000,2280,3600,2280,0
635000,3880,5700,3880,0
350000,1350,3880,950,400
856000,1480,2700,1480,0
582000,1670,1189,1427,243
799000,3400,6742,3400,0
423700,2070,3986,2070,0
1.84E+06,4870,39190,4870,0
322000,1760,43575,1160,600
929000,4030,57499,4030,0
443000,1130,5413,880,250
441500,1510,7700,1510,0
875000,3110,108464,3110,0
3.60E+06,5020,12431,3420,1600
450000,740,5100,740,0
425000,1630,10500,1100,530
660000,2780,9900,2780,0
763101,1990,5560,1100,890
499000,2250,14149,2250,0
521000,1720,37363,1350,370
302000,900,423838,900,0
293000,2360,6260,2360,0
335000,1530,4580,1530,0
499000,1450,3090,1450,0
600000,2040,5000,1780,260
720000,2620,11041,2620,0
195000,1180,2553,1180,0
249000,1110,8423,1110,0
334000,1840,9781,1840,0
599950,2720,7810,1510,1210
149900,1090,1950,1090,0
700000,1730,6500,1250,480
525000,1170,6240,1170,0
1.05E+06,4740,126759,4740,0
402000,1960,8000,1290,670
450000,1430,3480,980,450
520000,2510,43995,2510,0
205000,1420,6980,820,600
635000,2680,175982,2680,0
210500,1220,9600,1220,0
406650,1070,6100,1070,0
350000,1580,19998,1580,0
425000,1820,6000,930,890
798000,3590,6402,3590,0
180000,1960,9583,1960,0
1.25E+06,3160,13238,3160,0
435000,2030,4033,1630,400
355000,1240,15867,1240,0
3.00E+06,5370,14091,3850,1520
685000,2670,14455,2670,0
311000,1640,12060,1640,0
305000,2130,9600,2130,0
675000,2550,4954,1850,700
769000,3630,15405,1850,1780
430000,1690,9708,1690,0
516250,2390,8660,2390,0
760000,2350,10739,1340,1010
579950,1420,1217,1180,240
476000,1570,7187,1170,400
510000,1600,19200,1600,0
205000,720,5040,720,0
240000,1470,7350,1470,0
738000,2790,16952,1970,820
420000,1720,8102,860,860
455000,1300,9600,1300,0
765000,2520,5500,1820,700
372000,1780,7914,1780,0
160000,1200,8360,1200,0
772000,2990,9643,2990,0
1.13E+06,1910,5640,1910,0
479000,1370,3000,1370,0
570000,1910,4941,1910,0
350000,1170,8147,1170,0
353000,1250,864,1250,0
699000,3340,24755,3340,0
265000,1380,8536,1380,0
167000,780,10235,780,0
500000,2080,8000,1390,690
700000,1410,7200,1410,0
295000,520,5600,520,0
1.01E+06,3500,4080,2590,910
209000,840,5265,840,0
276000,2240,9200,1440,800
380000,2100,5857,2100,0
315000,1750,12500,1150,600
685530,3130,60467,3130,0
254600,1470,20000,1470,0
230000,1440,5600,720,720
335000,1430,1249,1430,0
550000,2170,9600,1460,710
123300,1150,8050,1150,0
275436,2170,9658,2170,0
325000,2630,3435,1640,990
635000,2490,40608,2490,0
513000,1710,5000,1110,600
580000,2130,35752,1490,640
225000,940,9272,940,0
265000,1400,9460,1060,340
313000,1630,3000,930,700
296000,1370,8400,1370,0
655500,2380,15800,1680,700
250750,2140,12058,2140,0
438000,1970,8545,1970,0
590000,2550,54014,1980,570
329500,1080,5250,1080,0
1.20E+06,3070,9645,2110,960
415000,1470,6000,900,570
900000,3620,42580,3620,0
378000,1050,57499,1050,0
474000,1050,403365,1050,0
464000,1320,3625,1320,0
310000,1210,7649,1210,0
580000,1860,7190,1860,0
999000,2830,505166,1830,1000
510000,810,6480,810,0
650000,1630,7475,1160,470
196000,880,19600,880,0
220000,1660,11664,1010,650
855000,3440,10628,3440,0
483000,2110,10454,1440,670
400000,1060,12000,1060,0
435000,1900,7984,1900,0
219500,820,1060,760,60
2.95E+06,4860,23885,4860,0
427000,2050,3218,2050,0
430000,1090,4013,1090,0
685000,1090,4013,1090,0
495000,1920,6250,1060,860
299950,1870,7942,1870,0
390000,2690,46609,2690,0
385000,2160,5863,1260,900
740000,3000,10392,3000,0
991700,2290,2350,1610,680
765000,2250,9600,1830,420
802000,2130,8734,2130,0
950000,2500,20000,1700,800
392000,2300,41167,2300,0
590000,3360,218235,3360,0
425000,1920,9000,1920,0
765000,2440,15143,1740,700
313500,1440,3488,1440,0
320000,1780,6840,1780,0
604000,1490,4485,1350,140
570000,1400,1657,1060,340
639000,2150,12028,2150,0
335000,1910,10200,1910,0
896000,2660,3520,2080,580
259500,1650,12349,1650,0
637000,1980,6000,1380,600
307450,2690,8874,1370,1320
535000,1380,3561,860,520
669500,2500,4046,1520,980
259000,1590,7148,1590,0
441000,1100,3300,1100,0
228800,1470,1612,980,490
530000,1680,4950,1680,0
524000,1450,2272,750,700
430000,2020,4840,1200,820
1.33E+06,2470,4760,1890,580
210000,1230,12201,1230,0
449000,1850,5040,1230,620
945000,2540,7089,2540,0
200450,970,9130,970,0
219950,1070,6601,1070,0
659500,2620,18362,1870,750
746000,2110,8190,2110,0
540000,2110,7129,1280,830
485000,1910,5508,1020,890
202000,670,7844,670,0
2.53E+06,6930,45100,4310,2620
502000,2010,11200,1360,650
279000,1770,10534,1210,560
409500,1340,4120,1040,300
453000,1660,15050,1260,400
367000,1820,5500,1820,0
550000,2510,5400,2510,0
273500,1560,8314,1560,0
505000,2280,7400,1340,940
770000,2650,40705,2650,0
565000,2470,7447,2470,0
316000,1270,10092,1270,0
160000,1520,7298,1520,0
170000,1310,9529,1310,0
235000,1310,9529,1310,0
1.80E+06,3930,39098,3930,0
310000,990,7050,990,0
285000,2080,13629,1040,1040
280000,960,4920,960,0
2.30E+06,4070,13860,4070,0
763776,2750,16139,2750,0
530000,3230,13572,1880,1350
362000,890,211576,890,0
430000,990,4920,990,0
456500,1290,3880,1290,0
445000,2170,5257,2170,0
386900,1330,10500,960,370
479000,1340,13750,1340,0
525000,2200,4544,2200,0
272000,2520,10890,1260,1260
517000,1180,13500,1180,0
615000,2660,7800,1330,1330
439000,1250,7030,1250,0
716000,2270,7866,2270,0
308000,1080,6250,1080,0
800000,1620,4500,1620,0
575000,940,5000,880,60
219950,1620,9310,1620,0
770000,2350,8001,2350,0
424950,2090,7505,2090,0
387000,1760,45133,1760,0
790000,2050,10920,1450,600
156000,600,4000,600,0
580000,2540,7000,1320,1220
490000,2090,10869,2090,0
950000,2700,3650,2070,630
400000,1410,1281,1090,320
325000,1170,1638,1170,0
365000,2540,6688,2540,0
255000,2190,6000,2190,0
985000,3890,13261,2870,1020
595000,2030,10722,1100,930
427500,1350,7085,1350,0
728000,1940,4000,1310,630
549950,1260,4000,1000,260
650000,2800,10501,1400,1400
1.13E+06,3080,13394,2230,850
203000,840,6500,840,0
311000,860,3300,860,0
387500,2400,7684,1200,1200
370000,1640,7200,1640,0
228000,1060,6100,1060,0
740000,2080,4800,1080,1000
200000,2090,6630,1070,1020
660000,1240,3500,1240,0
275000,2030,8426,2030,0
708000,1120,5250,950,170
280000,1270,9675,1270,0
325000,2260,5702,2260,0
495000,1780,47480,1780,0
691000,1780,3810,980,800
2.29E+06,4080,18362,4080,0
329500,2120,22482,1360,760
348000,2060,7458,2060,0
425000,1670,6212,1670,0
210000,1080,21043,1080,0
285000,1210,4895,710,500
222000,990,8840,990,0
200000,1720,9600,1120,600
247500,1530,8749,1530,0
1.50E+06,6550,217374,5400,1150
190000,1100,9452,1100,0
975000,3020,4950,2020,1000
1.13E+06,3180,4649,2070,1110
283200,1830,12540,1130,700
650000,2540,8073,1880,660
449500,1770,6610,960,810
400000,1470,6682,1470,0
89950,570,4080,570,0
158800,960,8291,960,0
870000,2940,7108,2220,720
196000,1000,18568,1000,0
850000,2450,8603,1340,1110
775000,3310,5101,3310,0
483500,1670,4308,1670,0
387000,1620,21929,1620,0
900000,2990,30869,2990,0
336000,1240,5000,1240,0
415000,670,6000,670,0
380000,1470,979,1470,0
350000,1320,4400,1320,0
1.32E+06,6110,10369,6110,0
765000,2440,5800,1320,1120
527000,2900,6736,2900,0
524000,2310,5000,1480,830
448000,1110,5413,890,220
775000,4100,241322,2500,1600
176500,930,9900,930,0
750000,2420,11120,1620,800
1.27E+06,2870,6000,1730,1140
250000,1480,6750,1480,0
759000,1960,6390,1960,0
640000,1470,4640,1470,0
990000,2460,4182,2100,360
395000,1960,7945,980,980
275000,1160,1103,890,270
390000,1910,4755,1910,0
752500,2720,4680,1710,1010
450000,1020,5000,1020,0
473000,900,5100,900,0
178500,1120,10450,1120,0
485000,2340,59058,2340,0
215000,1410,8415,780,630
589000,1920,4862,1060,860
325000,1370,9993,1370,0
580000,1590,1937,1590,0
181100,1850,7500,1850,0
345000,1430,4200,830,600
781000,1940,8729,1460,480
402500,1270,3630,1270,0
426000,1380,7200,1080,300
389000,1720,4515,1720,0
670000,4050,36171,2620,1430
1.51E+06,3660,5800,3360,300
288400,1870,3230,1870,0
700000,2230,4635,1510,720
830000,2020,6000,1220,800
1.90E+06,3690,32044,3690,0
350500,1450,6380,1450,0
431000,1630,9000,1630,0
485000,1840,8250,1340,500
780000,1620,7500,1620,0
720000,1840,9000,1340,500
415000,1360,73616,1360,0
480000,2080,5500,1040,1040
452250,2550,10000,1560,990
316000,2550,8170,2550,0
700000,1160,17635,1160,0
285000,1760,5500,780,980
575000,1720,4050,860,860
590000,2300,12430,1580,720
587500,2500,20868,1600,900
364000,1750,10270,1750,0
490000,1890,10190,1890,0
410000,1800,36704,1360,440
520000,2160,4297,2160,0
389000,1380,6591,1380,0
450000,1180,6000,1180,0
325000,2550,4240,2550,0
660000,1070,5000,1070,0
850000,2870,8170,2250,620
285000,1940,9874,1940,0
395000,870,3121,870,0
440000,1550,2401,1550,0
249000,1400,5648,1400,0
635000,1210,4400,1210,0
515000,3430,48993,3430,0
1.40E+06,3020,6073,3020,0
200000,950,8100,950,0
1.14E+06,3370,8103,1970,1400
445000,1460,4600,780,680
555000,1740,4200,1640,100
537000,1720,6413,860,860
315000,1480,7500,1480,0
805000,3320,7266,3320,0
414000,3490,9030,3490,0
375000,1160,1648,1160,0
401000,3010,12523,1780,1230
210000,1030,4583,1030,0
365000,980,5110,780,200
178000,1990,18200,1990,0
710000,1790,4000,1040,750
255000,810,7980,810,0
528000,2940,38009,1700,1240
537000,4883,26040,3859,1024
442000,1360,6110,1010,350
375000,1370,19550,1370,0
637250,2120,3220,2120,0
427500,1240,7200,1240,0
700000,2770,89298,2770,0
680000,1660,5750,1080,580
393820,1170,8251,1170,0
525000,2470,7200,1350,1120
505000,1310,3816,1110,200
555565,1670,11337,1670,0
650000,1660,10819,1240,420
632500,3500,7254,2760,740
269000,1440,3800,1440,0
405000,2360,7716,1390,970
845000,3460,15745,3460,0
234000,1750,8820,1750,0
638000,1470,4236,1470,0
290000,1710,10950,1060,650
262000,520,12981,520,0
270000,2350,5835,2350,0
875000,2380,4876,2240,140
299000,1920,7840,1920,0
551000,1580,6000,1580,0
350000,3070,5280,2360,710
1.90E+06,2660,13367,2660,0
511718,1700,5000,850,850
965000,5010,49222,3710,1300
475000,2680,4673,2680,0
1.06E+06,2720,4000,1840,880
252000,940,15450,940,0
580000,3596,13700,1798,1798
374950,1240,1172,1000,240
739000,4660,9900,2600,2060
271000,1710,7200,910,800
230000,930,7550,930,0
210000,1430,9150,1070,360
350000,1650,5700,1650,0
491500,1560,12000,1110,450
325000,1870,9825,1250,620
190000,1320,7625,1320,0
658600,1400,4690,1400,0
299950,1940,8951,1300,640
464000,2000,3000,1200,800
308000,1640,18144,1640,0
625000,1020,7650,1020,0
240000,1630,9450,1080,550
530000,2940,35996,2940,0
1.00E+06,2120,8944,2120,0
439000,790,2400,790,0
575000,2020,6200,1010,1010
418000,1530,7238,1530,0
1.21E+06,3250,10949,2940,310
1.10E+06,2930,3200,2130,800
1.90E+06,3150,8550,3150,0
580000,2180,40278,2180,0
380000,1040,7372,840,200
256000,880,5375,880,0
349950,1400,7066,1400,0
691500,2600,7200,2600,0
556000,1590,2500,1190,400
218000,1610,7084,1280,330
425000,1390,4500,1390,0
935000,3710,38509,3710,0
732000,2360,11300,2360,0
805500,1440,10330,1440,0
507250,1400,5750,1100,300
800000,4600,67369,4600,0
600000,2100,8276,2100,0
627800,2010,12044,2010,0
660000,2550,6000,1860,690
153503,1240,3649,1240,0
456500,2090,9163,1460,630
1.31E+06,2770,8100,2770,0
843500,3560,11448,3560,0
625000,1240,4080,1240,0
527000,1640,4080,840,800
1.97E+06,3940,13738,3940,0
1.00E+06,3150,50094,3150,0
855000,2550,5300,1720,830
725000,3940,27591,3440,500
315000,580,7200,580,0
180000,1330,16000,1330,0
700000,930,5000,930,0
476500,1060,8625,1060,0
193000,1180,9048,1180,0
295000,1850,6663,1850,0
363000,820,4880,820,0
875000,3600,21794,3600,0
257200,1850,8250,1150,700
555000,2240,11250,2240,0
380000,1860,15559,1860,0
282000,2390,7330,2390,0
545000,2040,6034,2040,0
550000,1900,5000,1640,260
921500,1900,5000,1640,260
885000,2200,2880,1440,760
820000,2280,6660,1960,320
289000,1090,7315,1090,0
334000,670,5750,670,0
206000,1050,5233,1050,0
491950,2090,10733,1440,650
430000,2030,7770,2030,0
208000,1250,7995,1250,0
245000,2600,6390,1390,1210
426000,640,2500,640,0
400000,2120,3742,2120,0
553000,1330,5100,900,430
296000,750,4680,750,0
428000,2230,32660,2230,0
325000,1890,6156,980,910
294000,820,6366,820,0
410000,1880,8424,1380,500
590000,2360,57514,2360,0
445000,1850,4050,1850,0
921000,2310,5362,2010,300
496000,2520,37616,2520,0
95000,800,8550,800,0
359000,1580,6396,790,790
452500,2430,88426,1570,860
555000,2350,6200,1410,940
549900,3800,42316,3800,0
569000,3670,10583,2060,1610
318500,1780,7350,900,880
487028,1295,1093,1105,190
240000,1350,7560,950,400
253000,1440,9806,1440,0
380000,1320,38125,1120,200
250000,700,16828,700,0
368500,2510,19141,2510,0
340000,3180,27586,1400,1780
400000,910,4000,910,0
835000,1570,4625,1570,0
299000,2450,7062,2450,0
1.68E+06,4910,6600,3580,1330
265000,1570,5706,1570,0
437500,2680,7513,2680,0
865000,2090,4725,1610,480
626000,2150,7200,2150,0
247300,1140,1118,1040,100
2.08E+06,4230,20377,4230,0
425000,1790,6000,1790,0
905000,3100,10200,1660,1440
641250,2220,2550,2220,0
675000,2370,9679,2370,0
845000,4070,115434,4070,0
401500,1790,8400,1260,530
395000,1610,3755,1610,0
1.10E+06,2830,18050,1630,1200
145000,1010,5490,1010,0
900000,1560,3825,1390,170
374500,1330,8636,1330,0
850000,2330,10451,2330,0
490000,960,5750,960,0
304000,1710,6773,1710,0
400000,2230,7200,1300,930
454000,1700,10000,1700,0
160000,1040,4750,850,190
542000,1070,8030,1070,0
403500,3600,17300,2410,1190
418000,2750,8471,2750,0
406000,1920,6000,1920,0
242500,1770,10000,1340,430
425000,2460,5440,2460,0
613000,1550,4815,1550,0
189000,1460,11481,1170,290
700000,2440,9450,2440,0
750000,1640,6516,1440,200
494000,1290,4650,1290,0
700000,3150,7778,3150,0
705000,2305,5580,2305,0
356000,1060,16470,1060,0
625000,2060,12558,1350,710
144975,900,7500,900,0
970000,3890,5906,3060,830
415000,1910,12596,1340,570
485000,2340,7048,1340,1000
799950,2900,11769,2900,0
783350,3290,35001,3290,0
430000,630,1362,630,0
2.54E+06,5410,13431,5050,360
975000,4270,43386,2680,1590
950000,1700,8050,1130,570
350000,1430,8157,1150,280
637000,2850,7510,2850,0
895000,2160,105415,2160,0
579000,1760,7200,880,880
314900,2700,27072,1380,1320
122000,860,6000,860,0
405000,880,3000,880,0
553650,1360,1349,1050,310
369900,1770,1853,1770,0
225000,2030,24829,1220,810
160000,1180,9350,1180,0
449500,2430,199940,1310,1120
650000,1300,8266,1300,0
542126,2360,43088,2360,0
309950,1200,15606,1200,0
115000,1000,16524,1000,0
221700,1556,20000,1556,0
726000,1890,3880,1460,430
515000,1810,5733,1010,800
756000,2730,10753,2730,0
1.57E+06,3070,5850,2400,670
442000,2080,12007,1220,860
260000,1620,7992,1620,0
390000,1150,2723,770,380
459500,1250,3825,850,400
330000,1430,8000,1430,0
189000,790,7128,790,0
280000,1200,9322,1200,0
400000,2110,9519,2110,0
368000,3160,11193,2410,750
390000,2700,7875,2700,0
245000,820,7475,820,0
375000,1800,8432,1200,600
465000,1750,12491,1390,360
445000,1540,67953,1540,0
250000,1130,7800,1130,0
475500,1500,9416,1500,0
672324,1600,5795,1600,0
420000,1200,5029,880,320
515000,1690,5100,1690,0
732350,2270,7665,2270,0
297500,1910,5000,1910,0
475000,1640,2720,1640,0
414000,2120,6497,2120,0
357250,1400,8840,1400,0
289950,760,6000,760,0
550000,1070,3713,1070,0
446000,1460,9998,960,500
279000,1280,16738,1280,0
370000,1650,4859,1650,0
216000,1260,4125,1260,0
1.10E+06,2200,20000,1400,800
1.28E+06,3560,15450,2060,1500
355000,1140,2500,630,510
699000,2550,7312,2550,0
412000,1553,1991,1553,0
276000,1140,7200,1140,0
100000,790,6426,790,0
955500,2130,5080,2130,0
199000,1390,21262,1390,0
762000,4000,15253,4000,0
425000,1520,7983,1520,0
546000,1657,5031,1657,0
419600,1680,8460,1180,500
735000,2270,5102,1340,930
1.23E+06,2470,609,1910,560
445000,1240,2500,1240,0
665000,1740,41275,1740,0
1.29E+06,4090,290980,2920,1170
508500,2520,12500,1720,800
345950,1340,11198,1340,0
207500,1640,9750,1640,0
1.08E+06,3000,10920,1550,1450
640000,1210,3720,1210,0
329500,1810,13068,1360,450
460000,2200,9676,1500,700
1.23E+06,2200,14630,2200,0
805000,2350,6480,1650,700
200000,1090,10454,1090,0
749700,2280,77972,1460,820
288000,1430,1650,1430,0
535000,1520,3360,830,690
330000,1620,7150,1280,340
479200,1510,3750,1510,0
373000,3001,5710,3001,0
355000,2020,6000,1010,1010
275000,1380,4500,1380,0
380000,1520,4288,1020,500
417000,1090,4590,790,300
1.17E+06,4220,15959,4220,0
598500,2520,12000,2520,0
629000,1760,5000,960,800
226950,930,6600,930,0
1.23E+06,2600,11542,2200,400
415000,2180,11100,1700,480
595000,1910,3075,1910,0
209950,1100,5525,1100,0
568000,1760,235224,1760,0
119900,700,3180,480,220
207000,1080,10200,1080,0
195000,1070,22489,1070,0
324950,1460,8710,1460,0
210000,1050,7583,1050,0
1.08E+06,3160,42733,3160,0
325088,1400,6739,1000,400
790000,3120,157875,3120,0
150000,720,212137,720,0
790000,2840,206910,2840,0
255000,1220,2500,770,450
697000,2820,2850,1860,960
457500,840,5000,840,0
690000,1610,5100,1610,0
967000,1860,4356,1860,0
980000,2260,17711,2260,0
619420,2450,14803,2450,0
389000,850,3276,850,0
500000,1800,7200,1020,780
569000,1230,7890,1090,140
425000,2060,8540,1540,520
635000,2750,6180,1500,1250
256500,1120,9912,1120,0
695000,3010,11393,3010,0
535000,1580,5000,1390,190
454200,2630,5379,2630,0
418500,790,5800,790,0
749950,3110,35235,3110,0
338500,2130,5489,1370,760
1.25E+06,4520,9240,3270,1250
299950,1600,9830,1600,0
325000,1950,12500,1330,620
434000,2010,8171,2010,0
328950,2550,8976,1300,1250
2.10E+06,5340,10655,3740,1600
570000,2000,46902,2000,0
802000,2170,5001,2170,0
525000,1550,6840,1550,0
700000,2790,4550,2790,0
350000,1980,273556,1040,940
277500,1190,1236,1190,0
1.58E+06,3650,20150,2360,1290
195000,1510,4350,1510,0
222000,1200,6074,1200,0
865000,2830,8854,1500,1330
445000,1650,6000,1000,650
495800,1710,4600,1710,0
548500,1740,4400,1740,0
310000,1840,10723,1220,620
205000,1820,8585,1820,0
470000,3860,6901,3860,0
430000,1810,349351,1810,0
310000,1030,2271,1030,0
355000,1410,7693,1410,0
621500,2140,15950,1370,770
175000,1930,8400,1030,900
326000,1930,8400,1030,900
690000,1930,5400,1930,0
335000,2210,7214,2210,0
197000,1360,11175,1360,0
312500,1830,7969,930,900
436000,2120,6710,1420,700
1.02E+06,2700,4590,2700,0
805000,3160,35225,2250,910
652427,2770,13129,2770,0
1.01E+06,2240,41339,2240,0
355000,2570,6466,2570,0
334550,880,12000,880,0
557500,1820,9670,1820,0
277500,1660,7184,1110,550
300000,2200,10800,2200,0
325000,1640,3844,1460,180
402500,1650,3504,760,890
461000,1420,5170,1420,0
540000,1270,3840,1270,0
385000,1070,4000,1070,0
480000,1060,3040,860,200
539950,2190,7149,1240,950
529000,1940,217800,1940,0
417000,1300,877,1060,240
405000,1330,12500,1330,0
299000,1940,9100,1630,310
299000,2100,15480,2100,0
372220,1290,5500,980,310
494400,1560,1750,780,780
280000,2630,6500,1330,1300
277950,2100,6021,2100,0
770000,2070,54557,2070,0
760000,2960,28005,2960,0
230000,1300,3608,1300,0
525000,2520,7731,2520,0
307000,1150,6000,1150,0
253779,2030,9600,1430,600
405000,1880,7400,1480,400
360000,2320,11250,2320,0
521000,1050,7500,1050,0
680000,3030,13068,3030,0
355000,530,33278,530,0
200000,1090,9600,1090,0
330000,2220,4060,1330,890
221000,1430,5999,1430,0
1.60E+06,3780,6000,2770,1010
310000,1560,4920,780,780
862000,2220,4200,1310,910
200000,1140,8340,1140,0
630000,2540,11100,2540,0
432250,1440,6232,1440,0
478000,1570,9500,1070,500
249000,1860,9576,1400,460
495000,2440,4750,1450,990
630000,2100,8800,1240,860
550000,2150,27540,2150,0
350000,2440,18674,2440,0
270000,1930,7480,1930,0
488250,1830,9610,1830,0
248000,1850,6519,1130,720
889000,3210,5000,3210,0
375000,1090,5250,980,110
933000,1870,3300,1870,0
625000,1920,8412,1460,460
328000,700,4350,700,0
470000,3380,9900,1690,1690
502500,2430,6168,2430,0
484000,1950,17400,1210,740
252500,900,7500,900,0
610000,2060,8893,2060,0
419000,2180,10447,1280,900
322500,2140,9377,2140,0
563000,1730,2760,1250,480
464000,3140,12591,3140,0
870000,3010,4887,1940,1070
280000,800,1196,800,0
850000,3300,11570,3300,0
458950,1530,4370,1130,400
122000,760,5280,760,0
525000,2450,4591,2450,0
286300,1000,31838,1000,0
218450,840,7425,840,0
525000,1380,4290,1080,300
650000,1380,4290,1080,300
356000,2020,48693,2020,0
436500,1260,5000,1040,220
410000,1440,7112,1180,260
512500,1540,8311,1540,0
510000,1060,7200,880,180
566000,1900,10297,1900,0
525000,2870,26500,2870,0
435000,1050,5500,930,120
406500,1840,68479,1340,500
550000,3000,9473,1500,1500
251000,1200,10212,1200,0
830000,1840,10125,1220,620
803000,2790,7673,2790,0
206000,970,9360,970,0
200000,1070,7467,1070,0
219000,900,5160,900,0
777000,2680,6000,1380,1300
593700,2000,22000,2000,0
712500,1660,8797,1660,0
600000,1770,6014,1240,530
554663,1230,6802,1230,0
267000,1740,10875,1020,720
390000,1710,8910,1710,0
335000,2020,7071,1010,1010
938000,2410,9886,1990,420
370000,2310,14745,1410,900
335000,2400,4548,2400,0
695000,3160,3990,1870,1290
387500,1560,14333,1560,0
245000,1770,6187,1770,0
308550,1600,13200,1600,0
225000,1330,13102,1330,0
715000,2970,29163,2970,0
335000,1020,10200,1020,0
634000,2490,4904,2490,0
337500,1700,7314,1000,700
440000,850,6567,850,0
350000,1250,13775,1250,0
400000,610,4560,610,0
1.29E+06,3700,13175,3700,0
435000,950,10080,950,0
681000,3860,5130,2930,930
397000,1360,1275,1240,120
775000,3890,34513,3890,0
480000,1680,9090,1130,550
158000,1520,7200,1520,0
590000,2420,208652,2420,0
772500,3890,9130,3890,0
464500,2940,13425,1470,1470
281000,1350,8737,1350,0
620000,2190,45738,2190,0
475000,2280,5750,1150,1130
245000,1070,4500,910,160
660000,2540,3750,1510,1030
527500,2270,8480,1310,960
135000,1220,7250,1220,0
275000,1890,5000,1890,0
430000,1990,4740,1080,910
213500,1220,6000,1220,0
535000,2640,5978,2640,0
641000,1480,9603,1480,0
436300,2320,9420,2320,0
1.44E+06,2410,6000,2410,0
830000,2090,13500,2090,0
380000,920,3532,920,0
132500,850,8573,600,250
179950,1130,9907,1130,0
188200,1260,7265,1260,0
659000,2090,10800,2090,0
317000,2020,7260,1180,840
625000,1970,4564,1470,500
350000,1820,9545,1230,590
750000,1840,5000,1340,500
457000,2100,10358,1280,820
632500,1770,5000,1770,0
223000,1110,7231,1110,0
610000,2090,8400,1240,850
385000,2080,8215,2080,0
367500,1400,1343,1160,240
385100,1060,8040,1060,0
230000,720,5913,720,0
286000,1100,750,780,320
201700,1010,9576,1010,0
1.35E+06,5230,89298,5230,0
525000,2420,7672,1480,940
361000,1200,7236,1200,0
530000,1950,1963,1950,0
455000,1870,7403,1870,0
421000,1310,8400,1310,0
640000,1520,6200,1520,0
240000,1270,12733,1270,0
360000,840,7414,840,0
157340,900,23000,900,0
1.24E+06,3010,6139,2560,450
250000,1050,6874,1050,0
735000,3360,84506,2040,1320
884900,5370,10800,5370,0
775000,2690,104544,2690,0
463000,1710,7320,1710,0
579000,1640,1269,1640,0
570000,4000,6015,3080,920
1.06E+06,4140,7924,4140,0
375000,3140,24800,2080,1060
422000,1320,2609,920,400
866500,3080,4945,2010,1070
705000,2500,10359,2500,0
470000,2520,9684,2520,0
360000,2350,6200,1320,1030
795000,2570,13450,1510,1060
800000,3100,7807,3100,0
2.45E+06,4730,13586,4270,460
277284,1030,4800,930,100
460000,1020,4002,1020,0
898888,2080,3729,2080,0
211000,1410,47916,1410,0
222000,1360,3300,1360,0
672000,2620,21587,2620,0
778000,2260,33080,1690,570
312500,1490,9493,1490,0
650000,2530,6500,1720,810
740000,3140,10250,1570,1570
320000,1820,17600,1820,0
455000,1770,13168,1770,0
2.45E+06,4430,9000,4430,0
500000,1490,902,1220,270
325000,1790,27427,1130,660
416000,1710,1296,1510,200
495000,2070,20280,2070,0
549000,1140,5400,1140,0
589000,3930,10150,3070,860
194820,1100,32700,1100,0
405000,2260,5500,1280,980
625000,2260,5500,1280,980
205000,1130,7014,1130,0
345100,1950,8625,1360,590
200000,960,7500,960,0
1.91E+06,4210,18564,4210,0
524500,3430,264844,2230,1200
598600,3470,212639,2070,1400
367777,2140,5937,1280,860
750000,2520,5401,1360,1160
575000,3550,7992,3550,0
84000,700,20130,700,0
255000,740,5000,740,0
1.74E+06,3300,4545,2600,700
415000,1640,5880,1240,400
449900,2780,8225,2780,0
220000,1830,94960,1830,0
899000,3540,9349,3540,0
430000,1440,7320,1440,0
472500,2960,223462,2960,0
680000,3180,9375,1590,1590
1.65E+06,3310,8400,3310,0
810000,2390,8025,2390,0
605000,2460,138085,2460,0
522000,1630,15600,1630,0
759000,3490,8230,3490,0
411000,2500,5257,2500,0
286950,2080,9846,1240,840
440000,1290,1286,1290,0
149000,1700,8645,1700,0
284700,1700,8645,1700,0
374950,2540,11562,1290,1250
816000,1180,8545,1180,0
533250,1520,15398,1370,150
689800,2390,9313,1390,1000
775000,2740,6200,1820,920
702000,2190,8528,1760,430
160000,1350,8700,1350,0
255500,1350,8700,1350,0
949000,2980,42253,1860,1120
169500,790,7450,790,0
586000,2130,9000,2130,0
680000,2700,37431,1600,1100
851500,3200,18184,2000,1200
582500,1159,4800,1159,0
637000,3080,118918,3080,0
225000,1000,9295,1000,0
795000,2260,3727,1880,380
304999,2270,9600,1290,980
95000,760,5746,760,0
240000,1420,5382,1040,380
772000,2500,8680,1250,1250
245000,1450,6258,1450,0
430000,2500,5750,1430,1070
799000,2210,6300,2210,0
880000,3020,9187,3020,0
750000,3290,7538,3290,0
2.89E+06,5780,7173,4130,1650
532000,1820,4910,1820,0
525000,2500,10330,1380,1120
239000,1210,9375,1210,0
460000,1090,4000,970,120
540000,1330,8400,1330,0
475000,890,4590,890,0
445000,1360,4998,1360,0
1.58E+06,4220,9240,3420,800
549950,3780,6800,3780,0
294950,2610,14321,1690,920
736000,1980,2975,1980,0
214946,1290,8688,1290,0
856000,3620,5500,3620,0
775000,2680,7392,2680,0
205000,1200,8631,1200,0
429592,1992,10946,1288,704
414250,1640,13566,1120,520
399950,1920,4400,960,960
319990,1840,7326,1370,470
524000,1310,9471,1310,0
349950,1050,6317,1050,0
889000,2570,4480,1580,990
300000,930,5160,930,0
395000,730,3000,730,0
348000,1270,1242,1270,0
830000,1150,6000,710,440
173000,820,10450,820,0
585000,3000,42200,1500,1500
576750,2220,5000,1110,1110
495000,2500,7620,1250,1250
216650,1540,1427,1360,180
615000,2750,15450,1800,950
675000,3130,12463,1620,1510
510000,1430,9250,990,440
630000,2680,327135,2680,0
359950,3010,5701,3010,0
265000,1530,7500,1530,0
210000,1240,4842,1240,0
367000,2260,93218,2260,0
1.08E+06,2820,5000,1800,1020
756000,3560,8297,1650,1910
203000,1630,9145,1630,0
535000,2880,23994,2880,0
525000,2200,7440,1710,490
347500,1620,7500,1220,400
620000,1480,2185,1480,0
645000,2250,10696,2250,0
2.20E+06,3540,11098,3000,540
280000,1790,42399,1790,0
432000,1400,6380,700,700
790000,2390,4452,1790,600
635000,2400,10050,2400,0
442000,2050,6384,1350,700
490000,2640,5267,2640,0
250000,2320,7700,1290,1030
1.33E+06,2440,3600,2440,0
120000,1260,7500,1260,0
2.95E+06,6240,47480,4610,1630
325000,1930,8458,1930,0
210000,1200,7680,1200,0
215000,970,7639,570,400
387000,1810,10800,1210,600
408000,1380,7015,1380,0
410000,1470,6500,1470,0
216000,1010,7920,1010,0
390000,1010,7920,1010,0
357000,1340,11744,1340,0
215000,970,7275,970,0
265000,1122,6554,1122,0
589950,1670,1350,1350,320
440000,2840,16851,1600,1240
248000,770,8600,770,0
730000,2040,130680,2040,0
425000,3052,12145,3052,0
680000,2620,14248,1830,790
341500,3120,10400,3120,0
395000,1100,3975,900,200
1.23E+06,3410,95396,3410,0
695500,2510,9180,1600,910
308000,1680,8629,1200,480
422500,1960,6450,1000,960
418000,1040,6900,1040,0
385000,1750,9780,1750,0
876650,2170,12508,1650,520
450000,1639,2710,1479,160
418800,2100,9984,1290,810
330000,880,1753,880,0
550000,1940,8376,1290,650
270000,2490,11650,1390,1100
978500,2060,7080,1800,260
975000,2720,10455,2500,220
455000,2180,6850,1750,430
1.42E+06,3600,38016,3310,290
220000,840,9000,840,0
490000,2370,12196,2370,0
420000,2270,9100,2270,0
408500,2720,7043,2720,0
716000,1140,4800,1140,0
965000,2460,5000,1620,840
357823,1240,9196,1240,0
7.06E+06,10040,37325,7680,2360
425000,1670,9500,1170,500
711777,2220,6731,1110,1110
335000,980,9903,980,0
825000,1890,6938,1890,0
210000,1100,6000,1100,0
575000,2770,19700,1780,990
1.21E+06,4250,10925,4250,0
431500,1370,4866,1370,0
475000,1480,13457,1480,0
1.50E+06,3770,4000,2890,880
540000,2870,206474,2330,540
775000,3820,35016,3820,0
635000,1530,2978,1210,320
1.30E+06,4120,16365,4120,0
405000,1590,7267,1100,490
210000,1520,8600,1040,480
880000,2350,4675,2150,200
239000,1370,8837,1370,0
515000,1540,6100,770,770
1.38E+06,3786,38038,1934,1852
215000,1500,5393,1500,0
315000,1750,17685,1750,0
442500,1800,8303,1200,600
311000,1180,55321,1180,0
425000,830,6030,830,0
433500,1540,9450,1040,500
450000,1610,8296,1610,0
675000,1990,10260,1990,0
535000,2070,4132,2070,0
577000,1760,12874,1230,530
480000,1740,8528,1290,450
400000,1950,4473,1530,420
304000,1280,8184,1280,0
355000,1460,7203,1460,0
998000,3770,982998,3770,0
550000,2410,8447,2060,350
550000,2410,8447,2060,350
210000,1400,7300,1400,0
317000,2100,7587,2100,0
700000,5360,25800,3270,2090
265000,1000,9150,1000,0
700000,3150,6175,3150,0
1.02E+06,4180,17841,3160,1020
1.15E+06,2840,20242,2240,600
460000,2110,35091,1290,820
410000,1660,4000,1000,660
665000,2160,4400,1320,840
600000,2420,7744,2420,0
502000,1920,3844,1170,750
364950,2310,8030,2310,0
680000,2330,4000,1520,810
235500,2340,13713,1670,670
576000,2590,5756,2590,0
405000,1410,1240,1140,270
335000,2850,8039,1540,1310
122000,730,6728,730,0
432000,1470,6250,1070,400
375000,2330,11400,2330,0
276000,2460,11250,2460,0
450000,2080,111513,1680,400
210000,990,8140,990,0
279000,1450,4106,1450,0
635000,1340,3900,1340,0
350000,2730,7372,2730,0
218000,1140,7560,1140,0
750000,1950,6300,1650,300
310597,2000,25700,1150,850
355000,900,37800,700,200
735000,3390,5211,3390,0
155000,720,6000,720,0
354000,940,10368,940,0
415000,1770,10513,1400,370
202000,590,833,590,0
580000,1980,1873,1470,510
1.50E+06,3070,10375,2180,890
790000,3500,7519,3500,0
499900,2100,5112,2100,0
525000,2620,98881,1820,800
810000,2810,10613,2810,0
425000,2290,8773,1330,960
241250,1350,7588,1350,0
318700,2770,19116,1600,1170
720000,2530,5000,2070,460
291000,1280,10500,1280,0
420000,1060,38644,1060,0
210000,1000,3554,1000,0
645000,3870,11000,2970,900
762000,3370,5000,2140,1230
247500,2290,7765,2290,0
282500,1670,7150,1670,0
395000,1460,22651,1460,0
295000,1770,8235,1030,740
235000,820,5100,820,0
770000,1900,6334,1450,450
559950,1870,4950,1870,0
639000,1840,5419,920,920
314950,1590,8470,1140,450
525000,1640,6180,1640,0
2.40E+06,3000,11665,3000,0
820000,2160,6272,1390,770
1.39E+06,2490,3600,1790,700
521450,1290,5700,1290,0
760750,3190,49137,3190,0
759600,1540,115434,1540,0
346150,2140,7200,1480,660
390000,980,3800,980,0
359950,2450,9432,2450,0
430000,1360,5120,910,450
960000,4610,11676,4610,0
800000,7480,41664,5080,2400
1.01E+06,2860,5805,2860,0
290000,1810,11456,1810,0
1.35E+06,2240,10296,2240,0
777000,3610,59677,2440,1170
526000,1450,4500,1450,0
550000,1450,1091,1200,250
276000,1820,8750,1200,620
2.50E+06,5620,12672,4140,1480
325000,2080,6554,1040,1040
365000,1780,1754,1780,0
2.15E+06,4340,9415,4340,0
825050,2860,3680,1980,880
690000,2540,9520,1500,1040
390000,1140,6250,1140,0
385000,1320,1297,1320,0
619000,2040,7503,2040,0
494000,1790,42000,1170,620
412450,1910,13505,1910,0
580000,1460,2800,1460,0
269900,1420,22100,1420,0
704300,1790,4080,1790,0
267000,1390,6005,1390,0
310000,1880,12150,1280,600
227064,1570,10824,1570,0
925000,2690,7000,1840,850
245000,1670,11452,1670,0
339888,1040,7490,1040,0
439000,1560,7500,1560,0
400000,1470,6120,1470,0
560000,2070,15002,2070,0
703011,1370,5922,1130,240
363000,1120,4800,770,350
650000,2640,6240,2640,0
299950,1030,9916,1030,0
228950,1120,6625,1120,0
465000,1730,11700,880,850
725000,2090,9847,2090,0
212500,920,14400,920,0
526000,2970,54450,2970,0
383000,1720,10031,1720,0
244000,1460,4692,1460,0
565000,1540,3570,1490,50
373000,2850,12714,2850,0
300000,1310,9855,1310,0
405000,2430,4781,2430,0
979000,1700,14133,1700,0
324888,2160,28750,2160,0
445000,860,3200,860,0
761000,2050,2020,1520,530
435000,1650,4745,1130,520
252000,1570,8410,1180,390
350000,1660,10150,1660,0
875000,1220,8119,1220,0
940000,1220,8119,1220,0
280000,1780,11342,1780,0
450000,2180,4226,2180,0
905000,3520,237402,3520,0
382450,2220,20531,2220,0
246700,1610,13309,1610,0
220000,1070,9331,1070,0
555750,1060,4880,910,150
262500,1160,8906,1160,0
515000,910,4725,910,0
499500,2970,21907,2970,0
135000,790,13062,790,0
462500,1540,7290,1540,0
937500,3130,21100,2530,600
458000,1470,9570,1280,190
845000,3160,7143,2100,1060
660000,2675,40910,2675,0
265000,1340,6783,1340,0
599999,3830,6988,2450,1380
280000,1800,8697,1800,0
1.06E+06,2990,189852,2990,0
875000,3720,14125,1930,1790
125000,920,7276,920,0
634800,3280,4904,3280,0
269950,1440,9600,1440,0
359950,1940,11612,1100,840
417000,1590,11454,1590,0
389000,1340,4122,1340,0
1.04E+06,3770,10893,3770,0
698000,2680,11250,1340,1340
685000,2820,10125,2820,0
198500,1520,7137,1520,0
350000,2560,5428,2560,0
649950,3310,387684,2160,1150
441000,1540,7200,1540,0
462600,1430,11761,1430,0
365070,2506,6232,2506,0
550000,2250,7500,1200,1050
470000,2740,9600,1370,1370
340000,1540,10400,1540,0
910000,4190,38912,2040,2150
405000,1690,8392,1190,500
661000,1990,4600,1420,570
635000,2410,7069,2410,0
282000,1150,6098,950,200
235000,1720,10137,1720,0
277500,1260,22100,1260,0
346500,2020,8250,1430,590
480000,2240,5500,1490,750
360000,1930,6508,1930,0
245000,1820,6785,1420,400
625000,1560,1490,1240,320
750500,2170,2440,1450,720
525000,1600,9579,1180,420
740000,3760,57063,2950,810
523000,1240,7735,1240,0
292000,1090,4500,1090,0
625000,2740,9599,1820,920
700000,3110,11727,3110,0
399950,1610,1320,1280,330
545000,1880,1341,1650,230
339999,1740,6369,870,870
1.21E+06,3270,6000,2180,1090
545000,1990,5149,1990,0
260000,1960,8400,1960,0
526000,1680,3420,960,720
701000,2910,8540,2910,0
290000,1500,7482,1210,290
330600,580,1799,580,0
550500,2540,8280,1270,1270
430000,950,6426,950,0
4.00E+06,7080,16573,5760,1320
260600,810,4560,810,0
825000,4080,7500,2720,1360
378950,1820,8400,1300,520
435000,2650,9065,2650,0
631000,1670,1396,1250,420
415000,2480,8342,2480,0
222000,1240,7560,1070,170
245000,1390,8250,1390,0
720000,2880,10126,2880,0
215000,1060,9954,1060,0
579100,1070,2754,830,240
522500,1640,9299,870,770
489000,1510,3000,910,600
240000,1230,2353,1230,0
420250,1510,3657,1510,0
523000,3180,20870,2120,1060
628000,2260,6000,1430,830
320000,1920,7277,1920,0
359950,1980,7800,1980,0
232000,1200,8063,1200,0
810000,2020,5600,1210,810
245000,2010,7561,1890,120
273000,1930,8192,1470,460
1.19E+06,2710,14989,1720,990
438000,1950,6250,1450,500
400000,2110,19600,2110,0
340000,1250,4800,1250,0
552000,1380,951,1380,0
790000,2050,4080,2050,0
360000,1800,22000,1800,0
235000,1310,15022,1310,0
775000,1010,3600,1010,0
489200,1850,9600,1850,0
341000,1750,8900,1750,0
335000,2154,6050,2154,0
393500,1230,1441,1010,220
360000,1960,8846,980,980
400800,1070,5750,870,200
585000,1450,5378,1190,260
1.60E+06,3680,5000,2480,1200
2.88E+06,5760,32033,4390,1370
300000,1220,13000,1220,0
1.05E+06,2950,4560,1810,1140
360000,1340,1110,1040,300
665900,2870,5453,2220,650
470000,2590,18224,2000,590
581000,2090,8164,1070,1020
527000,3000,8401,1500,1500
423000,1730,7245,880,850
875000,2850,4416,2040,810
410000,1020,6903,1020,0
606000,2200,6005,2200,0
654000,3240,60840,3240,0
150000,490,38500,490,0
373000,2990,6771,1550,1440
550000,2450,9488,1240,1210
512500,1900,7604,1900,0
360000,2640,7388,2640,0
369000,1340,1480,1340,0
825000,3220,5262,3220,0
255000,930,11475,930,0
1.29E+06,3240,10800,2260,980
270000,2630,8470,2630,0
480680,1730,4924,1730,0
525000,2120,7725,1220,900
291500,880,9238,880,0
305000,1800,13551,1800,0
285000,1600,7500,1600,0
1.88E+06,3280,29111,3280,0
329500,3290,8000,1790,1500
1.57E+06,2890,18226,2890,0
379260,1730,7202,1330,400
356000,1590,3411,1590,0
571900,1710,8947,1710,0
271500,1995,18360,1995,0
390000,1300,10030,1300,0
550000,2720,62310,2040,680
755000,1360,2070,1360,0
509500,1590,1485,1300,290
486700,1200,6278,1080,120
527500,1170,3000,1170,0
475000,2010,3600,1510,500
268000,1880,1793,1810,70
562000,3250,50529,3250,0
780000,2270,13449,1310,960
700000,3680,4400,2830,850
710000,1880,3000,1040,840
445000,1050,5664,910,140
729000,2250,60548,2250,0
384400,1689,1388,1689,0
815000,2860,17853,1430,1430
865000,2710,4069,2710,0
514000,1770,7200,1770,0
615000,2820,13193,1860,960
865000,3400,99170,2000,1400
755000,3110,6930,3110,0
425000,1480,8321,1080,400
375000,940,9839,940,0
750000,2680,4548,2680,0
722000,3190,5408,3190,0
1.01E+06,1920,4480,1920,0
725000,2610,7510,2610,0
170000,1040,42180,1040,0
845000,2880,35315,2270,610
271900,1450,8771,1450,0
1.30E+06,3902,3880,2782,1120
261500,2460,7800,1500,960
619500,2170,5000,2170,0
435000,1970,15247,1450,520
210000,1000,5454,1000,0
489950,1580,4010,790,790
260000,2130,8800,1100,1030
300000,1370,8499,1370,0
530000,2150,14161,1330,820
235000,1370,14030,1370,0
593500,1370,4000,1370,0
562000,3290,80471,2330,960
585000,3190,207346,3190,0
2.40E+06,4140,20734,3300,840
199500,1690,8901,1690,0
544500,1690,3240,1690,0
394900,1430,13370,1430,0
912000,1980,4095,1980,0
260000,1490,8102,1490,0
858000,3620,12778,1900,1720
1.28E+06,2720,16454,1870,850
242150,1490,8544,1490,0
220000,1230,7200,1230,0
235000,1900,7980,1340,560
370000,1530,10300,1530,0
450000,2290,44866,1390,900
534950,2240,6337,1280,960
730000,3470,14271,3470,0
465000,3050,32450,1550,1500
178000,1100,5734,1100,0
215000,1610,7140,1080,530
300000,1910,15508,1210,700
430000,1510,7066,1230,280
183000,1280,4366,1280,0
585000,1910,1501,1530,380
192950,1170,3330,1170,0
599000,1550,7713,1550,0
326500,1060,7920,1060,0
358803,1040,5765,1040,0
537000,1550,12920,1550,0
1.16E+06,2490,24691,1580,910
156000,920,5889,920,0
219000,1250,8276,1250,0
1.19E+06,2540,2700,1630,910
248000,2190,16788,1380,810
340000,1340,196020,1340,0
899100,2410,15300,1400,1010
346950,1830,10954,1830,0
330000,1850,5775,1740,110
325000,1410,8250,1410,0
315000,1460,7884,1460,0
649950,1500,1375,1200,300
316000,1130,7200,1130,0
386000,1620,3196,1620,0
535000,2330,7280,1450,880
600000,1520,1800,1520,0
339000,2840,8746,2840,0
167000,1520,7456,1520,0
430000,1740,4800,1740,0
688000,4000,9309,4000,0
834500,2780,6000,1670,1110
1.08E+06,3500,8750,2140,1360
250000,1060,52272,1060,0
402500,1290,4000,1290,0
432500,2390,6435,1600,790
485000,2460,14100,1380,1080
560000,2930,22000,1580,1350
410000,2200,8292,2200,0
455000,1870,7344,1470,400
459500,2060,8968,1190,870
371000,1610,11305,1610,0
289500,2120,3400,2120,0
395000,1450,1263,1160,290
496752,1980,5000,1090,890
227000,860,6800,860,0
330000,1460,9261,1460,0
480000,2590,8610,1340,1250
290000,1120,217800,1120,0
281000,1340,21336,1340,0
705000,1780,3120,1780,0
1.40E+06,2920,4000,1910,1010
485000,2820,6611,1410,1410
622000,1550,1919,1550,0
380000,1600,39848,1600,0
2.13E+06,3190,19513,3190,0
561500,1960,6380,980,980
242000,970,9600,970,0
348500,1360,10726,1360,0
370000,1360,10726,1360,0
752000,3810,6663,3810,0
230000,1340,8250,1100,240
715000,1990,4977,1990,0
240415,1120,10187,1120,0
562000,2060,4080,1460,600
360000,1170,4080,1170,0
659950,1610,1246,1080,530
458500,1890,1599,1430,460
259950,1070,649,720,350
366000,1680,6108,1680,0
978000,2890,7821,2890,0
525000,1360,6120,1060,300
926300,1660,4800,1660,0
750000,1620,6120,1620,0
660000,960,6263,960,0
305000,1000,7200,1000,0
800000,2395,6143,2395,0
600000,3050,9440,1800,1250
435000,1120,88327,1120,0
1.14E+06,2960,4296,2190,770
318000,1250,1017,1250,0
639000,1940,5000,980,960
453000,1750,3900,1750,0
800000,2150,9148,2150,0
437000,1500,6800,910,590
1.15E+06,3230,75889,3230,0
490000,3000,8645,3000,0
499950,1520,7700,1520,0
160134,1190,10116,1190,0
191000,990,8255,990,0
221000,1250,7280,1250,0
352800,2080,6360,1330,750
350000,1640,10424,1640,0
458000,1550,3000,1350,200
359950,1290,189486,1290,0
1.05E+06,3250,5093,3250,0
353000,1260,11775,1260,0
717550,2840,4468,2840,0
450000,1960,6500,1960,0
167500,760,3090,760,0
550000,2240,78225,2240,0
939000,2240,9684,2240,0
700000,1820,15570,1820,0
480000,3370,435600,3370,0
501000,1160,4360,1160,0
580000,1640,8625,1320,320
527550,820,59677,820,0
399000,2800,4687,2800,0
240000,1780,5000,1080,700
353000,2200,268329,1410,790
335000,1480,3132,740,740
475000,2010,2554,1860,150
660000,2880,5100,2080,800
551000,940,1948,940,0
249950,1620,10530,1620,0
1.15E+06,4400,262666,4400,0
575000,1530,6743,1410,120
1.09E+06,3460,11350,1780,1680
515000,2890,7306,2890,0
235000,1980,11214,1980,0
796000,1980,3243,1980,0
450000,1450,2550,820,630
2.05E+06,4280,18834,2180,2100
270000,1810,6509,1810,0
1.71E+06,2490,27702,2490,0
565000,1610,4108,1610,0
680000,1820,3008,1090,730
5.57E+06,9200,35069,6200,3000
864500,3520,35991,3520,0
1.15E+06,3740,18000,1870,1870
335000,2150,30476,2150,0
911000,3526,15958,3526,0
425000,1070,6625,830,240
299950,1410,81021,1410,0
864000,3190,49658,3190,0
425000,1270,6000,1270,0
374950,1970,14490,1970,0
247000,1640,7630,1180,460
475000,1600,7161,1600,0
275000,3020,5868,3020,0
355000,1350,368517,1350,0
285000,1870,22072,1070,800
1.34E+06,2730,38869,1940,790
325000,1100,17817,620,480
1.67E+06,4320,40816,4320,0
402000,2700,9994,1350,1350
1.10E+06,3700,16857,2170,1530
375000,2190,9225,1250,940
396000,2840,12253,1420,1420
320000,2610,9077,1310,1300
610000,2630,5827,2630,0
249950,1090,7698,1090,0
675000,3090,100835,3090,0
448000,1670,7772,860,810
819000,1300,3600,1300,0
1.25E+06,3670,18505,2530,1140
225000,1700,6031,1700,0
790000,2560,982278,2560,0
685000,2770,6000,2400,370
812000,3240,8338,3240,0
705000,2300,6400,2300,0
360000,2483,6870,2483,0
344000,760,779,760,0
825000,2040,6900,2040,0
476500,1200,6120,950,250
379500,960,5096,960,0
620000,2410,35236,2410,0
477590,2260,7701,1760,500
490000,1910,8190,1010,900
470000,1500,5000,1140,360
500000,1360,1236,1140,220
370000,1320,7341,1320,0
790000,1940,4400,970,970
725000,2650,18295,2650,0
840000,3040,2800,2100,940
390000,1240,11108,1240,0
507000,2210,11585,1510,700
263500,1540,6273,770,770
369000,1320,1683,1270,50
500000,3040,5326,3040,0
570000,910,4301,910,0
284000,2040,7145,1490,550
415000,980,4108,980,0
197500,980,3090,980,0
925000,4420,9492,3420,1000
468000,1570,6300,820,750
355000,1600,5001,1080,520
639000,1830,6000,930,900
720000,2820,14250,2820,0
381000,1800,6000,900,900
1.05E+06,4380,42769,4380,0
670000,2980,3730,2980,0
400000,1690,6658,1690,0
910000,4040,50479,4040,0
294000,1250,9427,1250,0
315001,1500,10230,1500,0
360000,1630,10723,1630,0
520000,1410,2700,1410,0
474000,1140,4560,770,370
702000,3280,5876,3280,0
728000,3490,87497,3490,0
308000,2020,7277,2020,0
2.00E+06,4580,4443,4580,0
340000,2270,7917,2270,0
306500,1310,10200,1310,0
716000,1420,3600,1420,0
950000,2980,44431,2640,340
673200,4180,8561,4180,0
564500,1950,6000,1350,600
393000,1790,11801,1790,0
425000,1400,5071,1400,0
150000,1320,24684,1320,0
327000,1620,106722,1200,420
444900,3120,7448,3120,0
305000,2100,14773,2100,0
469000,1370,1194,1370,0
525000,1520,7875,1520,0
330000,2410,17424,1630,780
618000,1260,4080,1260,0
295500,2830,7350,1690,1140
567035,2064,46173,2064,0
518000,2640,34870,1770,870
303000,1020,9200,1020,0
300000,2200,8065,2200,0
413107,1420,7520,1420,0
400000,1350,3090,1350,0
535000,1290,6859,1290,0
555000,1680,2600,840,840
312000,2280,6386,2280,0
785200,1840,3500,1540,300
749000,2040,11850,1020,1020
285000,1490,10367,1010,480
425000,2440,5088,2440,0
360000,1930,15540,1260,670
260000,1200,6615,1200,0
369000,1550,8509,1150,400
275000,2180,11132,1620,560
407000,1430,1448,1430,0
575000,1230,5418,990,240
1.24E+06,1670,3852,1670,0
875000,2720,4913,1700,1020
320000,2220,6811,1270,950
810000,1520,9041,1520,0
274000,1590,7620,1090,500
239900,1480,9523,1120,360
450000,1860,7808,1080,780
263400,1360,60548,960,400
265000,1360,5967,1360,0
418000,2360,6250,1460,900
390000,2360,5737,2360,0
430000,1860,7500,930,930
1.44E+06,2630,9705,2630,0
297000,1280,37373,1280,0
650000,2330,7220,1600,730
195000,720,18000,720,0
554000,3380,108900,2700,680
550000,3650,843309,3650,0
700000,1640,4590,1640,0
300000,1730,177657,1730,0
315000,1030,8576,1030,0
603000,1790,5250,1400,390
530000,840,3400,840,0
397500,1300,8480,1300,0
221000,1240,5250,1240,0
466000,2170,8050,1220,950
197500,1330,5412,1330,0
280000,1390,1080,1140,250
412000,1240,3873,860,380
454000,880,6731,880,0
540000,2540,228254,1450,1090
250000,2520,5753,1510,1010
900000,2510,35691,2510,0
245000,2020,7902,1220,800
290000,2060,7251,1350,710
160000,930,7742,930,0
1.26E+06,2700,7225,1660,1040
325000,1060,6050,940,120
185000,670,6750,670,0
477000,1750,4990,950,800
100000,930,7623,930,0
345000,2420,11481,1370,1050
530000,2410,14985,1950,460
203000,1150,7156,1150,0
599000,2480,5000,2480,0
370000,1310,6000,1310,0
140000,1240,8000,1040,200
500000,1150,5100,1150,0
527200,1460,4000,730,730
549900,3060,7015,1600,1460
760000,3520,8095,3520,0
319000,960,4400,960,0
362300,2430,15264,2430,0
421000,1930,4505,1440,490
690000,1090,4000,1090,0
640000,2790,31798,1650,1140
238000,1650,6900,910,740
789000,3740,39640,3740,0
1.05E+06,5310,12741,3600,1710
302500,1690,4476,1690,0
259950,1400,7920,1400,0
456000,1440,28516,1440,0
369950,1360,3718,1360,0
363750,1726,197326,1726,0
585000,2220,216493,2220,0
268000,1850,6676,1850,0
1.20E+06,2860,4000,2160,700
345000,1120,10176,920,200
539000,2340,19850,2340,0
851000,3760,9792,2550,1210
900000,1920,7200,1780,140
850000,3230,5000,2430,800
390000,1260,6500,1260,0
345000,1540,6909,920,620
534500,1700,3150,1700,0
643500,3600,3960,2400,1200
1.21E+06,3150,5520,2130,1020
495000,1280,4000,730,550
535000,980,4120,830,150
435000,2190,6578,2190,0
305000,2470,1831,1970,500
799000,2590,7910,2590,0
700000,2580,15031,2580,0
467000,1270,1213,1040,230
263000,1250,7560,1250,0
760000,4660,7157,3020,1640
293000,2019,4435,2019,0
245000,1490,7929,1490,0
181000,1560,10807,1560,0
240000,1030,15264,1030,0
880000,2560,7961,1450,1110
285000,1460,6377,1460,0
407500,770,6017,770,0
325000,1960,3543,1960,0
405000,1900,10454,1390,510
291700,1970,4120,1230,740
370000,2490,18525,2490,0
270000,1430,8960,1430,0
800000,2680,7200,1380,1300
626500,1610,3210,910,700
1.13E+06,4300,8406,3580,720
399950,3200,7545,3200,0
419000,2140,15030,1570,570
1.16E+06,4240,43995,4240,0
1.41E+06,3410,10769,3410,0
710000,2090,8064,2090,0
650000,1410,4840,1230,180
369900,2820,33750,2820,0
641000,2770,63118,2770,0
403000,1400,6879,1400,0
1.02E+06,3620,4000,2730,890
865000,2260,13600,1770,490
2.49E+06,3440,23954,2260,1180
810000,2150,3588,1850,300
316750,1256,1154,1256,0
652500,2220,130244,2220,0
360000,2850,15240,1850,1000
208000,700,5100,700,0
898000,3700,63991,3700,0
295000,1400,11934,1050,350
652500,3130,18253,3130,0
560000,2170,5764,2170,0
280000,1020,8400,1020,0
289950,1760,8584,1760,0
397500,1860,44093,1860,0
380000,1140,75132,1140,0
415900,1670,22703,1310,360
475000,1710,8645,1510,200
125000,500,7440,500,0
238000,1470,32670,1020,450
296000,1370,9750,1070,300
475000,3470,117612,3470,0
390000,1650,6250,1650,0
425000,1180,3750,1030,150
725000,3110,5000,1810,1300
605000,2080,12134,1530,550
302000,1600,1950,1600,0
886000,2380,6000,1650,730
540000,1630,6120,980,650
435000,1910,8400,1910,0
409000,3140,10752,2300,840
405000,1250,7280,1250,0
560200,1990,3984,1990,0
324000,2110,7208,1170,940
390000,2490,8290,2490,0
414000,800,5000,800,0
441500,2360,4670,2360,0
375000,1770,5146,1770,0
668500,2710,5500,2710,0
540000,1940,10202,1940,0
1.04E+06,3450,11240,2430,1020
1.35E+06,3440,4920,2520,920
758000,2410,9549,1780,630
949880,2290,10687,2290,0
570000,1030,4089,1030,0
736000,2290,12047,2290,0
670000,1490,4400,1490,0
1.13E+06,2370,8400,1270,1100
650000,1930,3976,1930,0
690000,1600,4000,850,750
610000,2240,45738,2240,0
413500,770,4000,770,0
765000,2300,9752,2300,0
828200,3400,7081,3400,0
205000,900,4397,900,0
465000,1450,5175,1030,420
556000,2240,5402,2240,0
540000,1780,4169,1780,0
423000,2320,4254,2320,0
375000,1590,14766,1590,0
173250,990,12696,990,0
599900,2605,12030,1355,1250
646000,2870,4461,1650,1220
1.08E+06,5180,17811,4070,1110
558000,2180,3870,1020,1160
354000,850,5225,850,0
1.20E+06,4050,9517,3360,690
670000,2250,4200,1650,600
1.13E+06,3100,9378,3100,0
267500,1747,12250,1747,0
299800,2410,4708,2410,0
430000,2070,9120,1250,820
775000,1860,3040,1530,330
333000,950,5214,830,120
336000,1060,11765,1060,0
323000,880,1712,880,0
575000,2550,56628,2550,0
328000,1550,2079,1550,0
572500,1590,4600,1290,300
600000,1650,5100,1040,610
412000,2430,7242,2430,0
827500,1810,7200,1310,500
300000,2890,17349,2890,0
415000,1280,5040,1280,0
750000,3410,4056,2130,1280
800000,2220,4000,1700,520
420000,1060,6000,1060,0
266000,1120,8250,1120,0
499000,2680,10590,2680,0
440000,1770,5750,1770,0
495000,2950,12196,2310,640
630000,1260,5300,840,420
424000,1430,6818,1430,0
760000,2730,36183,2730,0
650000,3270,15704,2110,1160
248500,1720,10018,1720,0
379600,1270,12420,1270,0
538000,3260,10032,1960,1300
530000,2050,6360,2050,0
545000,2050,9720,2050,0
925000,3580,35261,3580,0
565000,1960,48787,1960,0
405100,840,3522,840,0
502000,1300,8800,1300,0
425000,1260,3000,1260,0
233500,1650,2958,1650,0
287000,1710,10341,1710,0
190000,1180,8775,1180,0
666000,2780,31510,2780,0
330000,950,3090,950,0
1.49E+06,3620,7821,2790,830
393000,2140,10256,2140,0
353000,1920,4627,1010,910
260000,750,6720,750,0
680000,2060,2551,1900,160
921000,2380,11200,2380,0
319000,750,6380,750,0
280000,1160,10881,920,240
220000,1050,6300,1050,0
219000,1740,5200,1060,680
528000,2050,7171,1540,510
405000,1980,8100,1310,670
372977,1690,1618,1150,540
934550,2320,5900,2320,0
1.47E+06,2480,9900,2130,350
975000,2290,5350,2120,170
800866,3180,13806,3180,0
950000,3470,16264,3470,0
624000,1540,4140,1540,0
1.85E+06,2800,8442,2800,0
310000,1050,9876,1050,0
315000,1480,6800,1480,0
675000,1010,5973,1010,0
490000,1660,8208,1660,0
600000,2760,6350,1380,1380
154000,1040,20524,1040,0
480000,2220,6500,2220,0
196900,1270,7500,1270,0
735000,2960,39370,2960,0
205500,1330,8748,1330,0
357186,1210,1040,1210,0
275000,2120,6754,2120,0
248500,2090,12026,2090,0
350000,2680,7836,2680,0
390000,1790,47250,1220,570
390000,1950,12240,1250,700
660000,3740,14913,3740,0
310000,1140,8263,1140,0
717000,2480,5137,2480,0
260000,2580,11250,1410,1170
745000,2290,5001,1490,800
470000,2320,12042,1320,1000
429000,2530,8820,2530,0
220000,1400,7140,1400,0
497000,2060,1850,1400,660
716100,1640,4000,1640,0
371000,1960,94525,1960,0
379000,3000,25175,1500,1500
937500,1320,8500,1320,0
720000,1760,4500,1760,0
616000,2130,2306,1420,710
259000,1390,7120,1390,0
538000,1400,3825,1100,300
605000,3230,9576,3230,0
369950,1110,7603,1110,0
310000,1670,4220,1670,0
227500,1540,9450,1540,0
274000,2090,7400,1670,420
410000,1410,8088,1410,0
354800,1370,78408,1370,0
650000,1910,5120,1300,610
353000,1678,13862,1678,0
224975,960,12745,960,0
600000,2080,13054,2080,0
437500,1790,7700,1340,450
567000,2540,6093,2540,0
225000,1790,11656,1790,0
255000,940,9330,940,0
2.48E+06,6810,7500,6110,700
370000,900,4600,900,0
675000,1900,8800,1140,760
285000,1440,4268,1040,400
310000,2070,37904,1420,650
475000,2240,7245,1140,1100
410000,3320,5034,3320,0
895000,1950,5950,1330,620
375000,1240,7733,790,450
349000,1830,4694,1830,0
650500,1740,4400,1740,0
760000,1410,15120,1410,0
480000,2050,3960,1180,870
689000,3220,16145,3220,0
415000,1960,5000,980,980
195000,1070,6110,1070,0
318000,2820,9956,1410,1410
404000,4060,35621,2030,2030
339950,800,3090,800,0
215000,1260,7897,1260,0
339900,2420,7423,2420,0
285000,810,3211,810,0
550000,1600,5000,1110,490
430000,1350,9000,1350,0
219000,970,7790,970,0
555000,1780,4750,1080,700
233000,1350,7686,1350,0
248000,1840,19501,1270,570
454000,2550,9200,1580,970
950000,1700,4418,1700,0
359000,2430,7857,1730,700
407500,2740,8230,2210,530
224000,1560,7300,1040,520
210000,1040,4590,1040,0
261000,1820,9824,1820,0
719000,1833,1706,1833,0
440000,2160,3738,2160,0
525000,2100,10362,1510,590
375000,1370,9720,1370,0
428000,1414,1960,1414,0
988830,4115,7910,4115,0
199950,1550,6225,1550,0
840000,2100,3671,1750,350
285000,1160,7006,1160,0
330000,3597,4972,3597,0
147500,1230,10125,1230,0
320000,2190,7125,2190,0
382500,1040,9000,1040,0
2.05E+06,4690,8208,3040,1650
596000,2270,10000,1720,550
220000,1950,7280,1950,0
325000,1880,6818,1880,0
679950,2850,5664,2850,0
175000,1160,6911,1160,0
268000,1370,10050,1370,0
715000,3260,110579,3260,0
600000,3170,36384,3170,0
228000,390,5900,390,0
950000,3450,35880,3450,0
475000,1490,224334,1490,0
700000,1460,78408,1460,0
275000,1300,20700,1300,0
369500,1300,20700,1300,0
215000,1540,7575,1040,500
593450,2130,7172,2130,0
498800,1350,4614,1350,0
849000,2450,6534,1770,680
1.15E+06,1940,4875,1940,0
825000,2890,5110,2890,0
265000,1680,9769,1340,340
285000,1960,10400,1220,740
240000,1590,7931,1190,400
261000,1390,17739,1390,0
330000,2440,7350,1610,830
250000,1850,7560,1540,310
350000,2800,9538,2800,0
930000,3780,35273,3780,0
275000,1910,8050,1000,910
325000,2460,7620,1230,1230
255000,810,5000,590,220
562200,1900,5250,1500,400
952000,3490,88909,2320,1170
365000,2200,7350,1570,630
332900,1190,11996,1190,0
721000,2040,18360,2040,0
487275,2400,3986,2400,0
310000,1670,5791,1670,0
245000,990,4800,990,0
325000,2920,10573,2920,0
550000,1840,9401,1840,0
350000,910,4500,910,0
599000,2950,72309,2950,0
259950,1240,9500,1240,0
240000,1980,7264,1980,0
186000,1200,10080,1200,0
395000,1280,15028,1280,0
475000,3150,5757,3150,0
815000,3500,10794,3500,0
572000,1680,13751,1680,0
419500,1360,3188,1360,0
298700,2110,7350,1530,580
549000,2034,13392,1159,875
278000,1900,9994,1120,780
455000,2380,4500,1470,910
925000,4050,13495,2230,1820
465000,1120,1201,1120,0
620000,2850,2970,2120,730
499900,2360,7650,1640,720
620000,2540,11422,1270,1270
450000,1160,6120,1040,120
690000,2710,2147,2220,490
1.90E+06,3120,16672,3120,0
1.94E+06,3120,16672,3120,0
832500,1870,9527,1870,0
245000,1010,9678,1010,0
820000,2980,18935,2980,0
369000,2420,6495,2420,0
1.05E+06,3830,8331,3830,0
653000,3040,5067,3040,0
220650,1460,10500,1460,0
300000,1940,6355,1200,740
970000,3780,20023,3780,0
360000,1950,5451,1950,0
672500,2450,5760,2450,0
268000,1730,7020,1730,0
440000,1690,3245,1690,0
1.40E+06,2550,7200,2550,0
590000,2290,11072,2290,0
359000,2710,22860,1850,860
266500,1880,7632,1180,700
635000,2930,8679,2930,0
559000,3110,217800,3110,0
895000,3480,38985,3480,0
625000,1110,118047,1110,0
650000,2440,9320,1880,560
312500,2280,7840,1280,1000
225000,900,6099,790,110
425000,1980,8400,1330,650
329999,3360,41250,1820,1540
572000,2340,9225,2340,0
386500,3110,5048,3110,0
452000,980,5000,980,0
278000,1480,6324,1480,0
474900,1800,43647,1800,0
450000,2130,6574,1500,630
611000,1270,5100,1100,170
214100,1150,2064,1150,0
317000,1840,5011,1840,0
1.00E+06,3180,12528,2060,1120
1.00E+06,1510,5700,1510,0
525000,3070,7200,3070,0
436000,1800,6680,1800,0
450000,1540,9154,1540,0
588500,2330,14892,1970,360
340000,1400,8374,1400,0
482000,2846,85377,1976,870
1.58E+06,5830,131116,5830,0
749000,3380,7126,3380,0
330000,1440,7875,1440,0
568000,1740,1279,1740,0
239000,1470,8925,1470,0
528000,2810,4932,2810,0
385000,2090,5102,1350,740
825000,4110,14219,2570,1540
815000,3230,5000,2350,880
625000,2601,34335,2601,0
690000,2070,6000,1340,730
210000,1660,7440,1270,390
599000,1590,4280,1590,0
860000,1860,5584,1310,550
147200,1420,9600,1420,0
476900,1240,5758,960,280
450000,2500,36254,1590,910
570000,2640,11816,2640,0
567500,1440,3060,1440,0
790000,3030,20446,2130,900
875000,1820,12686,1820,0
490000,2220,10275,1640,580
335000,2430,9133,1410,1020
550000,1670,10798,1670,0
385000,1180,10541,940,240
395000,1620,8085,1210,410
650000,1030,5750,1030,0
637000,2900,5803,2900,0
692500,3420,9900,1710,1710
322400,1710,15844,1710,0
233500,1580,10517,1580,0
400000,1230,11413,990,240
547000,2200,4080,1420,780
519000,2570,13054,1470,1100
1.03E+06,3320,19850,2040,1280
365000,1090,6435,1090,0
699000,2970,36817,2970,0
525000,1970,8000,1970,0
430000,3220,8936,2450,770
325000,1600,7500,1600,0
279000,670,6300,670,0
805000,2360,4750,1660,700
419950,2150,3962,1540,610
425000,620,4455,620,0
446000,1730,5922,1730,0
455000,2500,7860,1040,1460
226550,990,4440,990,0
764000,1420,4080,1420,0
439950,2170,15000,2170,0
453000,1880,5100,1880,0
219950,1300,9620,1300,0
702500,2360,6750,1930,430
285000,1780,12231,1780,0
798750,2160,2578,2160,0
320000,950,5316,950,0
425000,1680,14630,1680,0
540000,2290,4450,2290,0
1.06E+06,4140,14757,4140,0
1.17E+06,3920,4500,3920,0
576000,1500,13891,1500,0
525000,1720,7200,1140,580
324950,2641,8615,2641,0
600000,4930,77536,3930,1000
464000,2460,5400,1520,940
266000,1995,7102,1995,0
775000,3010,74390,3010,0
415000,1270,4800,1270,0
550000,3080,6731,3080,0
235000,1670,7606,1670,0
280000,1470,8089,1470,0
459000,1730,7807,1260,470
195000,1070,7615,1070,0
235000,1660,8738,1080,580
711800,2410,16650,2410,0
440000,1040,1032,1040,0
515000,970,3300,970,0
1.20E+06,2910,9480,2910,0
560000,2340,12443,2340,0
340000,1880,11249,1330,550
600000,1110,3500,970,140
764000,2790,7938,2790,0
337000,1590,8779,1590,0
1.39E+06,5700,20000,2850,2850
249000,1200,7552,1060,140
350000,3200,35782,2360,840
269950,1510,6000,1150,360
735000,1880,108900,1880,0
1.30E+06,3070,4000,2070,1000
475000,2110,7560,2110,0
339000,2350,8459,2350,0
600000,3270,15160,1660,1610
397500,2220,4760,1320,900
1.53E+06,5990,111078,5990,0
460000,1760,9055,1760,0
370000,2200,5207,1120,1080
250000,1550,7296,1550,0
1.10E+06,5070,60123,5070,0
430000,1040,1516,1040,0
1.09E+06,2560,4000,1660,900
670000,1850,8160,1850,0
461550,2090,11895,1790,300
479990,2010,2386,1390,620
643000,2518,4663,2518,0
607000,2810,12813,2040,770
625000,2600,10092,2600,0
731100,2060,8778,1160,900
859000,2920,434728,2920,0
435000,2130,10375,2130,0
465000,2290,15600,1420,870
740000,1230,6380,1230,0
740000,2020,9478,2020,0
250000,1430,7280,990,440
656000,2270,1763,1820,450
300000,1910,8058,1910,0
643000,1780,214315,1780,0
311000,2690,6124,2690,0
360000,1330,7482,1330,0
475000,3060,10043,1700,1360
469950,1760,1778,1760,0
240000,1570,8750,1570,0
232000,960,8100,810,150
350000,1680,81893,1680,0
803000,1440,33747,1440,0
355000,1960,7000,1600,360
475000,1790,2250,840,950
823000,2560,9825,2560,0
395000,1010,3060,1010,0
499000,2560,5250,1900,660
420000,1200,3136,800,400
961500,3910,14000,3910,0
833000,2260,12238,2260,0
479000,2110,11319,2110,0
1.15E+06,3340,10422,3340,0
267000,1400,8100,1400,0
555000,1760,94525,1760,0
490000,2010,9725,2010,0
619000,2300,3400,1550,750
569950,2510,28185,1600,910
549000,1340,3000,1340,0
422500,1560,7245,1560,0
400000,3350,9681,2140,1210
692500,3710,7984,3710,0
310000,2430,5499,2430,0
499900,2430,8820,1630,800
492000,2100,7335,2100,0
460000,1880,40575,1880,0
800000,1630,2640,1630,0
832600,1640,4200,1640,0
470000,2310,7350,1670,640
542000,1930,4500,1930,0
1.31E+06,4750,13912,3600,1150
308130,2300,7500,1650,650
310000,1050,2699,1050,0
235000,1500,8015,1500,0
215000,1150,7560,1150,0
210000,1920,10403,1370,550
730000,3660,150282,3660,0
245000,1720,9342,1140,580
540000,2100,20018,1470,630
299000,2400,6078,2400,0
510000,2540,40106,2540,0
198000,2080,7200,1050,1030
950000,3400,7452,3400,0
300000,2200,7600,2200,0
528000,2140,8580,1200,940
507000,3850,16249,3030,820
770000,4270,6384,3060,1210
255000,1340,7210,1340,0
220000,1100,3451,1100,0
690700,2870,5349,2870,0
447000,1320,8380,1320,0
755000,2150,4505,1270,880
700000,2470,6000,1480,990
250000,1910,7700,1000,910
320000,2130,6969,2130,0
565000,2240,14667,2240,0
754300,1800,4500,1680,120
650000,2160,9000,1400,760
529888,3140,8455,3140,0
432000,1920,9812,1920,0
235000,1050,7670,1050,0
994900,3695,6556,3695,0
489000,3910,8442,2710,1200
800000,3010,7427,3010,0
370000,1370,9957,900,470
436000,2080,9600,1240,840
395000,2250,3757,2250,0
377691,2120,8399,1320,800
370000,2220,5185,2220,0
515000,1440,4394,1440,0
169000,910,7686,910,0
475000,1270,4268,1270,0
420000,2480,6180,2480,0
1.30E+06,2630,9420,2510,120
822000,2410,13300,1840,570
1.50E+06,2930,25697,2310,620
485000,1570,6810,1180,390
270000,1900,8505,1200,700
300000,2590,11250,1390,1200
878000,3810,7728,3810,0
590000,2290,4203,2290,0
611900,1220,2100,1220,0
240000,1100,7373,1100,0
395000,2810,10951,2810,0
169000,890,7110,890,0
200500,1280,14972,1280,0
308000,2320,7140,2320,0
290256,1720,7885,1720,0
279950,1530,8800,1040,490
195000,1580,7875,1580,0
630000,1360,13000,1360,0
1.16E+06,2680,15438,2680,0
478000,1640,3896,1640,0
835000,2520,6690,1700,820
639000,1400,2421,1400,0
623000,2300,12633,2300,0
220000,1900,7680,1260,640
526000,2000,18099,1250,750
243500,900,5016,900,0
750000,2980,4930,2890,90
329000,1850,9126,1850,0
525000,1570,4000,1570,0
190000,670,3101,670,0
772650,2660,10800,2660,0
355000,2110,4038,2110,0
650000,1970,54450,1570,400
678500,1210,3600,1210,0
669950,2670,11877,2670,0
850000,3000,18450,3000,0
572000,2200,3885,2200,0
492450,1540,13002,1200,340
813000,2080,11866,2080,0
710000,1780,9732,1780,0
792500,1960,2400,1330,630
285900,1690,7725,1690,0
389000,2080,12972,1250,830
675000,2070,2833,1490,580
352000,760,33801,760,0
1.05E+06,4020,11588,4020,0
768500,3620,10400,1820,1800
500000,2330,7778,1230,1100
685000,1460,8800,1460,0
648475,2250,5700,1200,1050
655000,2850,6600,2850,0
895000,2640,4000,1730,910
195000,1310,9554,960,350
368000,2720,7350,2720,0
997000,3430,13609,3430,0
335000,1990,19991,1340,650
250000,1170,7258,1170,0
278500,1390,8980,1390,0
260000,1540,7300,1540,0
162500,760,6141,760,0
239000,1280,8316,1280,0
600000,2990,5122,2990,0
350000,1770,7778,1770,0
852500,3830,8131,3830,0
485000,2870,5490,2870,0
299000,1520,8320,1520,0
227450,660,6509,660,0
383000,1800,5612,1200,600
835000,3570,392475,2370,1200
760000,3050,2992,1920,1130
532500,820,3000,820,0
635000,3610,26359,1950,1660
438500,1490,3072,770,720
545500,1560,9361,1360,200
675000,1660,9549,1660,0
450000,1180,4080,760,420
199999,960,10815,960,0
375000,1630,16170,1630,0
600000,2260,43847,2260,0
292600,1520,7123,1520,0
1.04E+06,3050,8904,1650,1400
610000,1000,4959,1000,0
397450,2650,9451,2650,0
382000,1750,15528,1270,480
370000,1770,7667,1270,500
520000,1770,7667,1270,500
260000,770,7906,770,0
890000,3370,7200,3370,0
344000,2130,8412,1440,690
205000,1050,8498,1050,0
379000,2803,8550,2803,0
424240,2080,12094,2080,0
589950,2080,12094,2080,0
582000,2120,4650,1190,930
349000,2550,7709,2550,0
658000,1290,12005,1290,0
294000,1790,5000,1060,730
690000,2720,7598,1860,860
600000,1040,5000,1040,0
199990,840,5200,840,0
220000,1650,8850,1650,0
440000,2080,15750,1460,620
439990,1540,1994,1540,0
815000,3880,7208,3880,0
535000,1860,3766,1860,0
215000,1280,10016,1280,0
605000,3200,35012,2100,1100
349900,2200,7278,2200,0
495000,1570,5510,1070,500
515100,2074,4900,2074,0
620000,2450,55387,2450,0
657500,2520,10370,2520,0
250000,2190,8250,1190,1000
385000,2190,8250,1190,1000
307000,2320,7500,2320,0
288000,1370,9253,1090,280
226450,1730,7200,1730,0
390000,1640,6991,1110,530
350000,1300,10236,1300,0
368000,1560,7884,1060,500
469000,1120,4284,730,390
865000,2670,150270,2670,0
515000,3810,15916,3810,0
410000,1440,8560,1440,0
210000,1200,43560,1200,0
460000,1520,7700,820,700
241500,2500,9654,1830,670
322200,2010,19000,2010,0
279000,1210,6000,1210,0
303000,1100,27007,1100,0
420000,1050,6615,800,250
249000,2120,18335,1380,740
294950,1240,8840,1240,0
1.32E+06,3460,3997,2560,900
335000,1270,4800,1270,0
1.16E+06,2980,8051,2020,960
520000,1250,3708,1250,0
560000,1740,8800,1740,0
243400,1730,7464,1730,0
405000,1240,14404,1240,0
495000,1670,14695,1670,0
350000,2140,7095,2140,0
368500,2530,7601,1520,1010
99000,960,8236,960,0
1.07E+06,4130,12320,4130,0
430000,1710,7724,1710,0
412500,1490,8475,1490,0
1.12E+06,4750,62365,4750,0
915000,3400,35062,3400,0
535000,2210,7620,2210,0
390000,1650,8676,1130,520
499000,1260,3135,780,480
375000,1960,7955,1260,700
349000,1800,7620,1800,0
635000,1940,7482,1240,700
682000,2820,8009,2820,0
321027,2820,16770,1920,900
150000,720,4120,720,0
410000,1640,17583,1110,530
449950,1560,4080,1560,0
194990,1560,7144,1060,500
475000,1910,8775,1210,700
530000,1570,3000,1570,0
319950,2038,7643,2038,0
210000,1720,9435,1220,500
485000,1670,3330,1670,0
774000,2830,10240,2830,0
478000,1690,8208,1210,480
385000,1620,5280,1620,0
595000,2360,43017,2360,0
285000,1480,7117,1170,310
723000,2700,4004,2700,0
279000,1780,16000,1240,540
195000,1430,7560,1430,0
625000,2160,2192,1170,990
270000,1800,9314,1800,0
559000,1930,5520,1930,0
474000,1960,14834,1330,630
303500,1920,7345,1920,0
350000,1470,8645,1470,0
367500,2980,10064,1680,1300
595000,2980,10064,1680,1300
589000,2360,118483,2360,0
585000,1790,87213,1790,0
482975,2130,8801,1370,760
365500,2030,4499,2030,0
570000,1790,7800,1790,0
335000,2260,8040,2260,0
767500,2350,4815,1450,900
386591,1690,1613,1150,540
279000,1320,5750,1320,0
620000,2690,32780,2690,0
407000,2810,23400,1710,1100
364250,2280,213879,2280,0
399000,2870,9292,2540,330
766950,3030,30007,3030,0
710000,2940,4232,2940,0
320000,1190,4120,1190,0
300000,1800,3253,1800,0
263000,1580,9187,1180,400
445000,1730,4408,1730,0
554000,1910,9001,1910,0
335000,1000,5100,940,60
307000,2520,6964,1260,1260
404000,1420,8160,970,450
775000,3080,5250,3080,0
220000,1060,9126,1060,0
518000,2160,9750,2160,0
1.60E+06,4060,9486,4060,0
315000,1940,2550,1100,840
572650,2250,11349,2250,0
350000,1620,9205,850,770
285000,920,5850,920,0
231000,1370,7247,1370,0
179000,920,5200,920,0
244000,1360,9625,1360,0
185850,1630,11662,1630,0
610000,3610,12033,3210,400
419000,3010,9155,3010,0
779000,2320,6400,1420,900
695000,3290,14134,1870,1420
319900,2040,7580,2040,0
329000,1920,7700,1320,600
475226,2120,4512,2120,0
638000,2170,5000,2170,0
440000,1330,15873,900,430
214000,1580,5080,800,780
600000,3580,14217,2210,1370
935000,2580,4500,1850,730
630000,1930,10210,1670,260
575000,2120,4780,2120,0
345000,1990,20466,1410,580
323000,1310,9690,1310,0
425000,2670,13218,2670,0
411000,1910,108900,1010,900
299800,1530,9000,1530,0
823000,2920,5000,2780,140
200000,1010,8108,1010,0
760000,2450,13300,1630,820
359950,1820,3899,1820,0
375000,2090,8325,1470,620
295000,2200,89298,1100,1100
250000,2250,7882,1570,680
497000,1450,1387,1450,0
520000,2280,8798,2280,0
365000,2720,6781,2100,620
459900,2250,8000,1460,790
158000,1090,6090,940,150
294700,1970,9600,1300,670
439950,2780,15075,2780,0
899000,2290,40946,1550,740
535000,2330,12141,1390,940
530000,4060,10800,4060,0
215000,1470,7000,1470,0
290000,1620,5400,920,700
798000,3220,5934,3220,0
785000,3270,9578,3270,0
433000,2160,8565,1730,430
425000,1150,6835,1010,140
654000,2240,7540,1540,700
215000,1280,5065,1280,0
232000,840,6540,840,0
675000,1680,10500,1680,0
665000,2330,8000,1550,780
835000,3030,29163,3030,0
525000,2880,7560,2880,0
780000,2910,3094,2010,900
844000,3090,67518,3090,0
680000,2720,54048,2720,0
290000,1310,8100,1310,0
560000,1790,15783,1360,430
605500,2830,6536,2830,0
762500,3150,5979,3150,0
1.74E+06,3930,5500,2910,1020
665000,2840,8346,1420,1420
540000,2480,4400,1640,840
375000,1930,6180,1330,600
342000,1260,6826,720,540
340000,670,23522,670,0
1.25E+06,3930,12719,2540,1390
693000,3160,13063,3160,0
638500,1770,12462,1770,0
805000,2240,18265,2240,0
250000,990,8062,990,0
325000,1580,4698,1580,0
270000,1560,4290,1560,0
880000,2640,3680,1760,880
300000,2120,6350,1440,680
290000,1200,8750,1200,0
2.85E+06,5040,17208,2870,2170
259950,1460,5825,1260,200
1.78E+06,4890,13402,4890,0
299950,1580,5250,1580,0
483000,2100,43560,1330,770
890000,2060,8640,2060,0
719000,1690,4500,1690,0
785000,3370,100681,1920,1450
660000,2330,3995,2330,0
264000,1820,8118,1080,740
575000,1890,11141,1890,0
1.22E+06,3820,53574,3820,0
475000,2770,98881,2770,0
845800,3020,12750,3020,0
352500,1170,8182,1170,0
347000,1270,8400,1270,0
560000,1950,6192,1950,0
323000,2230,50094,1330,900
595000,2220,22081,2220,0
257500,2060,6400,1170,890
450000,1100,4600,1100,0
410000,1140,7208,900,240
810000,1980,13503,1320,660
372500,2480,10090,1300,1180
325000,1050,9083,1050,0
280000,1260,7660,1260,0
258000,1680,19978,880,800
329950,1360,5900,1360,0
836000,2450,12987,2030,420
365000,2260,7040,2260,0
111300,1060,6000,1060,0
864000,3720,105850,3720,0
725000,1610,8613,1610,0
550000,3350,6605,2670,680
130000,790,7500,790,0
765000,1660,4000,990,670
255000,1420,7480,1420,0
439500,2050,40003,1570,480
268000,1250,5546,1250,0
985000,1700,8534,1700,0
751305,2660,8469,2660,0
280000,1350,7553,1350,0
304000,1810,8750,1110,700
200000,2210,13235,1730,480
325000,2120,41325,1420,700
736000,2470,11603,1540,930
426500,2700,6515,2700,0
640000,1760,4400,880,880
230000,1930,6120,1930,0
366350,1680,5043,1680,0
365000,1390,8336,910,480
482000,2240,8322,2240,0
345000,1980,7991,1980,0
682000,1830,5120,1830,0
657500,980,6002,980,0
895000,3550,6533,3550,0
425000,1660,5665,920,740
532500,2490,8750,2040,450
540000,2329,9436,2329,0
578000,1790,9580,1790,0
1.09E+06,2830,6041,1840,990
322500,1160,9750,1160,0
140000,1000,10560,1000,0
485000,2540,51836,1820,720
575000,1750,19709,1440,310
421000,2890,21780,2890,0
355000,1870,3497,1200,670
515000,2200,6967,2200,0
309000,1300,7200,1300,0
815000,3410,35536,2530,880
285000,1160,7875,1160,0
700000,2100,5000,2100,0
289000,1490,8628,1490,0
458000,3280,62726,3280,0
230000,1450,8378,1450,0
432500,1930,7120,1420,510
288000,1660,10440,1040,620
354000,1260,12330,1260,0
119500,1170,11000,1170,0
805000,3350,23781,2020,1330
435000,1420,2581,1420,0
260000,2170,10018,1630,540
377000,1800,8385,900,900
602000,2000,7376,2000,0
530000,1660,4800,960,700
525000,1540,3740,770,770
250000,1160,1086,890,270
681000,1700,6356,1700,0
625000,1580,20588,1580,0
448500,2080,3920,2080,0
260000,1030,7260,1030,0
538000,1770,8050,1020,750
385500,1540,7947,1120,420
428400,2650,6000,2650,0
346290,2690,9240,2690,0
587000,2210,8430,2210,0
355000,2390,6775,2390,0
650000,2580,7865,1480,1100
340000,2160,5455,2160,0
565000,2230,8624,1430,800
630000,2000,5000,2000,0
227000,1280,7198,1280,0
600000,2810,17674,1640,1170
540400,1680,6758,1680,0
569000,2150,8060,2150,0
735000,2820,8159,2820,0
434000,1750,9353,1210,540
578888,1060,4000,1000,60
465425,2430,20720,2430,0
280500,2660,7754,1590,1070
539950,1670,3507,1670,0
406430,1380,15426,1380,0
1.15E+06,4160,35000,4160,0
250000,1790,6191,1790,0
266000,1940,8547,1460,480
258000,1390,7200,1390,0
472000,2200,21890,1200,1000
530000,1264,1536,1264,0
302282,1095,5120,1095,0
370000,850,6213,750,100
625000,1760,5307,1170,590
142500,690,6825,690,0
334000,1400,7405,1400,0
362000,1810,3000,1810,0
181000,1310,4000,950,360
241500,1400,10425,1400,0
245000,2350,12720,1180,1170
227500,1150,8848,1150,0
158550,1710,8100,1710,0
450000,1660,10247,1130,530
485000,1950,10080,1950,0
353000,1780,9794,1780,0
500000,2450,4668,2450,0
360000,2060,10600,1560,500
357500,1540,11858,1540,0
272000,1650,13816,1650,0
422000,1160,7854,1160,0
365000,1440,15000,1440,0
450000,2150,13789,1610,540
275053,1060,6504,1060,0
1.88E+06,2620,17919,2620,0
725000,1630,9000,960,670
235000,1840,9697,1500,340
510000,820,4206,820,0
489950,820,4206,820,0
463000,2010,4195,2010,0
536000,1990,5948,1990,0
375000,2990,6145,2990,0
630000,2540,4727,2540,0
362000,1640,14374,1140,500
350000,2500,11659,1490,1010
1.69E+06,4020,13515,4020,0
255000,1500,8775,1390,110
269000,1594,7665,1088,506
370000,2130,4838,2130,0
270000,1130,7920,1130,0
265000,1690,9516,1690,0
487000,1440,4046,960,480
835000,3270,6027,3270,0
850000,4350,112750,2200,2150
575000,1610,11201,1020,590
335000,950,8000,950,0
318000,1010,7200,1010,0
510000,1420,11325,1420,0
242500,1200,9720,1200,0
750000,2020,8400,1010,1010
439900,3390,7950,3390,0
710000,1700,3040,1460,240
2.40E+06,3410,9088,2760,650
435000,2030,13700,1630,400
874000,2860,6867,1560,1300
385000,1690,4080,870,820
110000,760,4746,760,0
477000,1780,8085,1210,570
500000,1550,6394,1550,0
885000,4090,11225,4090,0
235000,880,5600,880,0
210000,1320,15236,880,440
320000,950,4000,950,0
406000,1390,7904,1390,0
350000,1900,10225,1220,680
350000,1392,43710,1392,0
720000,3340,8930,3340,0
604700,2750,14982,1720,1030
343000,1400,5662,1400,0
558000,2220,15757,1280,940
364000,1210,7740,1210,0
420000,2390,11242,1290,1100
450000,1870,7344,1870,0
392000,940,5000,810,130
100000,1120,2685,860,260
480000,1250,1103,1250,0
212000,1060,9225,1060,0
560000,2410,8960,1600,810
359950,2844,3990,2844,0
535000,2200,110642,1330,870
980000,3460,5400,2830,630
720000,1580,2199,1580,0
619950,1520,5400,920,600
489000,2260,19821,2260,0
415000,1800,2970,1000,800
672500,2650,11108,2650,0
352500,1000,4171,1000,0
258750,2300,8400,1150,1150
350000,1080,7000,1080,0
152000,902,10464,902,0
378500,730,7528,730,0
1.02E+06,2600,41041,2600,0
419000,1570,6700,1570,0
895000,2876,13927,1970,906
668500,2290,9546,1780,510
487000,1470,2533,1470,0
538000,2620,10137,1970,650
898000,2680,28014,1450,1230
315000,2020,7767,2020,0
800000,2100,4440,2100,0
516130,1510,8250,1510,0
1.60E+06,2850,19593,1790,1060
1.20E+06,4280,12796,3400,880
355425,3238,9112,1678,1560
1.16E+06,2740,5925,2740,0
689000,2020,9600,2020,0
500000,1520,1500,1520,0
430000,3860,42733,2300,1560
299500,1600,15312,1080,520
349950,2090,5289,2090,0
1.42E+06,4020,4500,3120,900
998000,2910,10189,2910,0
329000,900,9600,900,0
575000,1720,5956,1720,0
529900,3030,9430,2600,430
1.47E+06,3030,10189,2380,650
725000,2190,9400,1450,740
286000,1680,5000,1680,0
335000,1210,9926,1210,0
395300,1120,7000,1120,0
510000,3180,13348,3020,160
203000,920,7500,920,0
248000,700,8301,700,0
265000,2540,7216,2540,0
1.00E+06,2100,4560,2100,0
1.00E+06,1540,24500,1540,0
241400,1420,9828,1420,0
309950,1450,10074,1450,0
294010,1550,4057,830,720
345000,1920,9672,1920,0
625000,1920,9672,1920,0
660000,2510,4543,2510,0
559000,1660,4500,1660,0
866000,3990,9786,3990,0
770000,2350,5700,1810,540
259950,1350,7827,1350,0
352000,2980,9838,1710,1270
2.47E+06,6390,13180,4560,1830
395000,1590,10229,1590,0
276500,1400,6650,1400,0
530000,1880,100623,1880,0
798000,3500,10260,3500,0
380000,1370,5756,1370,0
350000,2810,10433,2810,0
325000,2220,6049,2220,0
336000,2110,4549,2110,0
286900,1720,17235,1440,280
472000,1780,7245,1330,450
263000,1410,8100,1410,0
565000,2110,4000,1110,1000
765000,2700,8444,2700,0
1.52E+06,2610,9409,2610,0
405000,1660,8174,830,830
1.10E+06,4570,16219,4570,0
555000,3760,188760,2640,1120
305000,1610,3516,1610,0
289950,1740,9370,1390,350
487500,3530,218472,2380,1150
96500,840,12091,840,0
185000,840,12091,840,0
150550,1470,6061,1470,0
339000,2470,5080,1970,500
675000,2220,7230,1280,940
615000,1720,4080,960,760
837500,2700,9320,2700,0
250000,950,11835,950,0
583000,1790,8144,1790,0
499000,1610,1728,1610,0
550000,2290,6328,2290,0
400000,2170,204296,2170,0
990400,2100,4097,2100,0
600000,2320,52272,2320,0
325000,1120,6236,1120,0
265000,1530,6000,1530,0
1.62E+06,3490,9362,1770,1720
347500,1180,8353,1180,0
629000,2050,3000,1470,580
1.09E+06,2360,11340,2360,0
397500,2570,7859,2570,0
404500,1270,3700,1270,0
225000,1250,7500,1250,0
267000,2510,9900,1610,900
800000,2690,4000,2120,570
339000,2900,6918,2900,0
1.85E+06,3830,11972,2370,1460
525000,1280,3876,1280,0
1.15E+06,4350,6218,3520,830
565000,1370,6250,1370,0
387000,1230,1280,960,270
720000,2440,34290,2440,0
1.50E+06,4410,12426,3420,990
235000,910,7617,910,0
365000,910,7617,910,0
368250,2150,7484,2150,0
580000,2150,7484,2150,0
1.10E+06,3190,11774,2610,580
215000,2130,4496,2130,0
648000,2740,9959,2740,0
705000,3150,9318,3150,0
465000,1450,1540,1180,270
650000,2400,3500,1900,500
335000,2280,7500,1140,1140
640000,2310,31850,2310,0
638250,2460,8029,2460,0
1.46E+06,4200,14353,3640,560
375000,1620,4600,1620,0
842000,2170,9525,2170,0
499950,2880,7200,1710,1170
810000,3280,25211,3280,0
310000,2900,11970,2900,0
730000,2160,8809,1540,620
637800,2250,4750,1420,830
225000,1340,4800,1340,0
417500,1390,10800,1390,0
265000,1600,10160,1600,0
550000,2050,8683,2050,0
625700,2570,159865,2570,0
595000,2660,10637,2660,0
270000,1540,13475,1540,0
739375,2640,3200,2140,500
357562,1210,1032,1210,0
1.01E+06,3760,29224,3760,0
455000,1350,4286,1350,0
310000,2600,9600,1810,790
415000,3900,111514,3460,440
452000,1340,8100,1340,0
810000,1760,16928,1760,0
730001,1840,4750,1010,830
825000,2980,86636,2230,750
665000,1730,3000,1730,0
327500,1650,7800,1650,0
699950,3370,36218,3370,0
424000,2200,34680,2200,0
657000,2180,3375,1420,760
445000,1490,10844,1210,280
450000,1530,762,1050,480
350000,1180,7455,1180,0
460000,2080,17532,2080,0
385000,3200,22651,1610,1590
272000,1880,6160,1880,0
535000,2510,5544,2510,0
216500,1060,5200,1060,0
325000,2130,12245,2130,0
420200,1320,7280,1320,0
258000,1040,5650,1040,0
450000,1150,4500,1150,0
720168,2120,3794,1420,700
652000,2130,5000,1330,800
569500,2340,8248,2340,0
411000,2250,292288,2250,0
524950,1890,3825,1290,600
153000,1140,10152,760,380
775000,2780,5467,2780,0
338500,2390,6111,2390,0
570000,2390,9000,1500,890
653000,2680,8429,1880,800
435000,1560,1222,1080,480
207000,1130,8160,1130,0
540000,1120,7500,1120,0
386000,2050,9583,1770,280
265000,2600,8075,2600,0
250000,1050,572,740,310
1.70E+06,2600,6600,1930,670
455000,2811,7251,2811,0
1.80E+06,4060,13000,4060,0
759000,2260,7200,1130,1130
970000,4430,74358,4430,0
280000,600,24501,600,0
690000,2430,8327,1430,1000
789900,3420,25150,1750,1670
447500,1180,5100,1180,0
440000,2010,7575,1220,790
278000,1230,7789,1230,0
980000,2750,6000,1750,1000
245000,1300,14197,860,440
287000,1150,11475,1150,0
435000,2220,132858,1110,1110
585000,2050,11690,2050,0
616000,1700,5846,1700,0
203000,1610,9000,1100,510
860000,2720,3840,1790,930
833000,2190,12690,1170,1020
565000,2730,6856,2730,0
572500,2490,7589,2490,0
254000,1510,4235,1510,0
1.53E+06,4720,21000,4720,0
900000,3810,217800,3810,0
899000,1950,3730,1950,0
560000,1300,6000,1300,0
512500,1610,7200,1180,430
775000,2040,5000,1180,860
200000,700,4700,700,0
172000,970,4700,720,250
219900,910,6000,910,0
641200,1060,9123,1060,0
473000,2180,7200,2180,0
540000,2050,9580,1400,650
295000,750,4500,750,0
370000,800,2296,800,0
1.73E+06,3470,8000,2360,1110
275000,1390,48257,1390,0
89000,900,4750,900,0
175000,1050,9800,1050,0
490000,2410,11900,1600,810
342400,1180,9630,1180,0
345000,1140,4200,1140,0
399000,700,3400,700,0
550000,2060,9719,1320,740
652450,2230,11835,1630,600
438000,1950,29347,1350,600
605000,2100,5058,1340,760
395000,2130,11733,1330,800
449950,1880,3048,1880,0
651100,2310,5526,2310,0
241000,880,6050,880,0
3.42E+06,5450,20412,5450,0
268500,1290,1749,660,630
200000,1010,7200,1010,0
400375,1690,7680,890,800
429000,1350,6315,1350,0
230000,680,2400,680,0
1.20E+06,2860,10702,2860,0
314200,610,6000,610,0
513000,2660,8887,1880,780
535000,1390,5346,960,430
420000,2290,6344,2290,0
345950,2110,4118,2110,0
483500,1200,2016,600,600
695000,2360,2500,1520,840
295000,2350,8906,2350,0
434975,1590,9960,1060,530
513000,1810,4592,1810,0
360000,1900,11407,1900,0
234900,1250,8000,1250,0
963000,3280,6603,3280,0
595000,870,4800,870,0
942500,3570,14408,3570,0
1.03E+06,3780,11200,3780,0
350000,1190,3600,1190,0
416500,2280,39848,2280,0
209900,1030,60720,1030,0
802000,2870,5000,1840,1030
230000,1520,8800,1520,0
489000,3700,10375,3700,0
497000,2240,28750,1620,620
250000,1920,7738,1520,400
925000,2560,3600,2110,450
390000,1840,15496,1840,0
415000,2080,9600,2080,0
785000,1600,9638,1600,0
575000,2168,4000,2168,0
170000,860,8636,860,0
750000,2100,3400,1100,1000
230000,1140,9639,1140,0
855000,3090,35074,3090,0
235000,1330,45738,1330,0
335000,1360,69260,1360,0
1.20E+06,3420,18129,2540,880
677000,2180,6000,2060,120
575000,1800,5000,1600,200
450000,1120,4590,1120,0
817250,2980,7202,2980,0
440000,2600,28600,1810,790
526000,1550,2400,1550,0
762500,3330,15258,3330,0
325000,2200,7719,2200,0
840000,3840,85728,3840,0
377500,840,4500,840,0
212500,1270,7128,1270,0
749400,3240,20301,3240,0
663000,2480,37843,2480,0
1.48E+06,4470,22518,3240,1230
261000,1780,7800,1060,720
515000,1850,9248,1850,0
410000,2200,16921,2200,0
336000,2760,10160,2760,0
440000,1090,4128,1090,0
908950,3090,6200,3090,0
554000,820,3700,820,0
387000,1445,1606,1300,145
268643,1810,9240,1810,0
514000,1620,5000,920,700
420000,1060,4182,1060,0
199000,1050,9871,1050,0
225000,1010,15701,1010,0
320000,2050,8424,2050,0
204995,970,8185,970,0
376000,1540,1827,1540,0
705000,3000,6222,3000,0
725995,3190,7869,3190,0
285000,1870,8190,1100,770
285000,2200,9397,2200,0
731000,3070,5936,3070,0
1.56E+06,3730,17000,2820,910
510000,2440,10423,2440,0
620000,990,4332,990,0
1.11E+06,4160,31796,4160,0
796000,3670,4960,2870,800
255000,910,25500,910,0
807000,1940,4000,1940,0
315000,1780,6000,1780,0
637000,2200,7355,2200,0
2.73E+06,6410,43838,5610,800
490000,2070,10023,1220,850
253000,2040,7281,1020,1020
325900,2320,6270,2320,0
425000,1440,6677,870,570
215000,1700,6675,1700,0
315000,1700,6675,1700,0
724800,2050,3933,1180,870
295000,800,6500,800,0
509007,1800,7620,1350,450
306000,1460,169448,1460,0
205000,1290,7210,1290,0
275000,1900,9737,1200,700
685000,1480,7000,1480,0
465000,2090,12833,1220,870
560000,1950,9800,1330,620
458500,1250,9605,1250,0
354000,990,7590,990,0
441000,2740,7923,2740,0
194000,1260,10488,1110,150
316500,2150,6807,2150,0
524950,1750,3250,1230,520
1.05E+06,2880,6092,1920,960
925000,2590,13894,2590,0
780000,2430,4524,1830,600
241000,1470,3128,1470,0
519000,2020,10744,1270,750
286000,610,4000,610,0
400000,3000,17800,1500,1500
255000,920,43560,920,0
152000,1070,7754,1070,0
599000,3410,15143,3410,0
330000,1820,3905,1820,0
461000,1060,7193,1060,0
620000,3070,34991,3070,0
352500,2300,219106,1840,460
435000,1610,6911,1260,350
725000,2830,5310,2830,0
300000,970,12300,970,0
252000,1680,8284,1680,0
464625,2040,8996,1260,780
340000,1450,9586,1450,0
1.33E+06,2870,6280,1980,890
455000,1870,13970,1120,750
495000,2490,18042,2490,0
925000,3350,4501,2640,710
587000,3190,8737,3190,0
524000,1560,5520,780,780
1.03E+06,2750,4800,1960,790
176000,920,2332,920,0
249900,1140,5500,1140,0
499500,2520,53143,2520,0
600000,3150,10542,1620,1530
294000,2040,7800,2040,0
272000,1780,19843,1780,0
390000,2240,10800,2240,0
700000,3270,9650,2320,950
635000,3110,6621,3110,0
920000,1850,3600,1660,190
500000,1570,8530,1190,380
263500,750,4515,750,0
975000,2240,9990,2240,0
575000,1870,3485,1870,0
822000,2683,40386,2683,0
300000,1490,7200,1490,0
487600,2340,12080,2340,0
500000,1700,8640,850,850
680000,1450,989,1450,0
419000,3310,21096,3310,0
450000,1520,5250,1520,0
650000,1260,4500,1260,0
550000,1840,8086,1840,0
330000,1750,5202,1070,680
282510,1450,32234,1450,0
2.39E+06,6330,13296,4900,1430
230000,1260,10200,1020,240
750000,2100,6613,2100,0
321000,2430,5366,2430,0
2.20E+06,4250,18000,3350,900
245000,1830,10416,1370,460
510000,1310,4000,1310,0
751000,3090,9571,2370,720
675000,2560,36601,2560,0
295000,1930,13350,1930,0
312000,1460,6000,1260,200
730000,3460,13129,2560,900
762500,3290,5880,2670,620
150000,820,7680,820,0
270000,1480,7374,760,720
400000,1420,9301,1420,0
650000,2790,6720,2790,0
530000,1390,5000,970,420
248000,950,9400,950,0
760000,3000,5300,1780,1220
199000,1280,10521,1280,0
240000,870,8400,870,0
415000,1360,1795,1360,0
228000,1000,16376,1000,0
525000,2740,12106,1980,760
399950,1560,5223,810,750
781000,2590,8571,2590,0
827000,1850,1330,1560,290
525000,2500,8621,2500,0
671300,3280,5232,3280,0
175000,670,2378,670,0
1.10E+06,2890,22547,2150,740
800000,3000,10560,1500,1500
329950,1920,4600,1920,0
445000,1960,7200,1960,0
237000,2000,12208,1140,860
1.11E+06,3600,6224,2610,990
438900,2740,5700,2740,0
1.28E+06,3650,5000,2530,1120
600000,2310,3866,2310,0
670000,2095,4569,2095,0
519000,1560,4823,1560,0
320000,1880,7350,1390,490
270000,840,867,840,0
1.00E+06,2730,5832,2730,0
330000,860,4800,860,0
657500,2320,10960,1510,810
450000,1540,61419,1540,0
150000,890,6488,890,0
792500,4290,175421,4290,0
540000,1950,13227,1950,0
229900,1010,8848,1010,0
533000,2830,6536,2830,0
239000,1500,12560,1000,500
713900,3370,167706,3370,0
427500,3160,8726,3160,0
302000,1110,7000,1110,0
1.15E+06,3830,48743,3830,0
555000,3160,4270,2650,510
495000,2100,3000,2100,0
495000,2240,13288,2240,0
340000,1060,48292,560,500
464950,2350,36116,2350,0
320000,1940,7040,1940,0
440000,1160,64469,1160,0
686000,1840,9990,1840,0
555000,2260,11000,1620,640
361500,840,3860,840,0
1.24E+06,2830,7500,2460,370
154950,1600,10183,1600,0
247200,1370,8719,1370,0
250000,1960,7414,1490,470
590300,1470,7200,1470,0
541125,2740,8426,1370,1370
310000,1090,923,1090,0
704111,2460,9520,1680,780
277500,1820,19602,1820,0
325000,1960,8937,980,980
289200,1760,7023,1760,0
185000,720,5000,720,0
1.45E+06,3470,8580,2500,970
420550,1370,8100,1370,0
603000,2370,11310,1550,820
345000,1390,2640,1230,160
650000,1840,3075,920,920
589950,2790,19439,1500,1290
309950,1460,1607,1460,0
775000,2620,241200,2620,0
590000,2230,5109,1330,900
863500,3250,2760,2420,830
517500,1190,7000,1190,0
700000,2090,7440,1290,800
699000,2580,8154,2090,490
350000,2100,3574,1690,410
795000,3160,16564,3160,0
543000,2090,7640,1360,730
325000,1570,3143,1570,0
337500,1020,6000,1020,0
425000,1300,11080,1300,0
780000,2110,9773,2110,0
259000,1210,17389,1210,0
524400,1990,12950,1850,140
260000,1630,8018,1630,0
273000,1384,1822,1384,0
639900,3380,75794,3380,0
420000,2480,8626,2480,0
510500,1270,8000,1270,0
290000,1010,7200,1010,0
226000,1490,6269,990,500
300000,820,3844,820,0
407450,1810,10860,1810,0
390000,3060,7920,1530,1530
1.06E+06,2980,20000,2130,850
610000,3440,18167,3440,0
239975,1820,7242,1220,600
375000,2320,5760,1480,840
742500,2620,4400,2620,0
450000,2190,11625,2020,170
300000,1780,10395,1780,0
216600,2200,7700,1240,960
525000,1600,6120,1600,0
455000,2450,21000,1650,800
390000,2680,35218,2680,0
450000,1850,8667,880,970
382000,1740,4400,1740,0
287000,1490,9600,1170,320
460000,1960,190357,1960,0
435000,1380,3015,1380,0
575000,1510,4032,1310,200
626700,1410,3600,1410,0
352000,1440,8680,1440,0
650000,920,6750,920,0
197000,1090,17630,1090,0
340000,2790,6695,1470,1320
560000,1840,14985,1840,0
354000,1340,6300,1340,0
670000,2570,9086,2570,0
769000,3010,6202,3010,0
650000,2160,3139,1080,1080
650000,2140,9484,1290,850
289950,2090,7416,1050,1040
300000,1810,21138,1240,570
471000,1760,5750,1070,690
639000,2500,8540,2500,0
287000,930,6900,930,0
740000,3030,8335,3030,0
499922,1460,3000,940,520
675000,2940,14071,2940,0
738515,3360,9200,3360,0
445000,2110,4800,1210,900
1.04E+06,2740,11343,1980,760
346000,1070,2196,880,190
450000,1680,4886,1180,500
350000,2260,13755,2260,0
2.40E+06,5860,7200,3690,2170
594950,2380,35008,2380,0
1.70E+06,3320,5354,3320,0
219000,1050,9000,1050,0
450000,2070,3982,2070,0
402000,1790,7311,1790,0
275000,840,4000,840,0
421500,990,4500,990,0
560000,4120,60392,3180,940
314000,1620,9600,1620,0
287000,1340,8190,1340,0
277000,1500,5750,1500,0
337500,1300,6731,1300,0
792000,3100,10245,3100,0
435000,3380,7074,2200,1180
313100,2660,9030,1450,1210
575000,1700,3333,1100,600
510000,1840,7800,1240,600
299950,890,5200,890,0
1.03E+06,2800,5800,1580,1220
364000,2010,8625,1340,670
335000,1380,7470,1380,0
219950,1210,8000,1210,0
215000,1280,6994,1280,0
640000,4090,215186,3670,420
535000,1580,6300,1180,400
253000,1910,7826,1140,770
650000,1740,2500,1210,530
672000,1130,4445,1130,0
606000,1970,8540,1130,840
292000,1780,9720,1280,500
289950,1670,7757,1670,0
257500,1360,9323,1360,0
380000,1840,6985,1290,550
360000,1255,1113,1255,0
269500,1840,7412,1240,600
449000,2960,6031,2960,0
375000,1430,7232,1430,0
2.20E+06,5990,10450,4050,1940
810000,3480,59242,3480,0
994000,4260,7861,4260,0
275000,1820,10500,1080,740
300000,1290,2482,1290,0
380000,2130,8428,2130,0
200000,1170,10051,1170,0
635000,1730,1349,1350,380
280000,880,5750,880,0
574000,2380,6832,2380,0
1.05E+06,1330,9729,1330,0
545000,1780,191228,1780,0
271950,1220,8400,1220,0
630000,2490,24969,1540,950
400000,1180,10800,1180,0
334000,2310,6200,2310,0
332500,1440,4855,1440,0
525000,1620,1444,1080,540
408000,2620,8403,2620,0
846450,3710,7491,3710,0
411100,1040,10323,1040,0
409124,3320,11340,2480,840
335950,800,5192,800,0
480000,2040,9597,1240,800
280000,1960,30144,980,980
668000,2670,4410,2670,0
750000,2930,8641,2930,0
394475,830,4000,830,0
848000,2290,4320,1980,310
675000,2510,3600,2510,0
175000,1280,7572,1280,0
560000,1810,6000,1350,460
538888,2080,13189,2080,0
359000,1680,9244,1680,0
300000,1660,5128,1660,0
273000,1650,5994,1650,0
670000,1420,1438,1280,140
530000,2240,8376,1740,500
625000,1230,3060,910,320
248000,1260,6000,1260,0
533000,2060,4812,2060,0
549950,3090,10510,2190,900
485000,3220,7392,2010,1210
353500,2020,4845,2020,0
435000,1910,12142,1910,0
241000,1150,10000,1000,150
885000,2730,3560,1550,1180
799200,2890,2370,2290,600
760000,2280,12746,1490,790
270000,1040,5700,1040,0
675000,2440,7475,2040,400
499000,1720,5940,1000,720
1.20E+06,3430,28718,3430,0
320000,2570,4865,2570,0
890000,4360,210254,2320,2040
275000,2060,7350,1210,850
490000,3020,8302,3020,0
550000,2340,4200,1540,800
390000,2400,9537,1210,1190
277000,1610,11920,1110,500
236000,1090,7647,1090,0
265953,1470,13068,1470,0
545000,1670,6240,1240,430
535000,1850,10109,1850,0
1.45E+06,3940,9671,2140,1800
490000,2330,3497,1920,410
319950,2020,7200,2020,0
625000,1300,7200,1300,0
248000,1180,6947,1180,0
475000,1320,7840,1320,0
410000,2520,9324,1320,1200
670000,1680,2000,1680,0
430000,2000,35438,2000,0
313000,1180,4900,1180,0
950000,3330,15093,3330,0
751750,1880,5400,1880,0
760000,2990,5280,2210,780
310650,1510,12408,1510,0
367500,3110,7231,3110,0
580000,2150,5000,2150,0
580000,1900,3960,1200,700
665000,2720,10000,2720,0
239950,1560,8280,1560,0
470000,1990,30083,1990,0
733000,1740,3060,950,790
250000,2130,8400,1350,780
402000,1510,9176,1510,0
295000,2100,5107,1410,690
355000,2344,8000,1560,784
289000,1970,22486,1970,0
376000,1470,9140,1470,0
212700,940,5040,940,0
325000,1780,13095,1780,0
415000,2230,5743,2230,0
935000,3570,15151,2400,1170
372000,1920,15260,1920,0
240000,1290,8366,1020,270
334950,1880,16262,1880,0
426500,2960,4640,2960,0
430000,1840,14874,1300,540
400000,1890,6183,1090,800
455850,1820,6000,1120,700
1.97E+06,4370,8510,3610,760
400000,1530,10731,1530,0
397500,1030,10480,1030,0
755000,2000,1950,2000,0
287000,1730,9230,1010,720
480000,3620,16000,3620,0
490000,2040,9622,2040,0
365000,2640,6715,1680,960
260000,1600,2244,1600,0
505000,1480,12675,1480,0
260000,700,4800,700,0
430000,700,4800,700,0
905000,3520,12193,3520,0
440000,1650,6408,1650,0
439500,1360,5500,1360,0
270000,1350,6696,680,670
306500,1970,6291,1970,0
380000,1470,1656,1310,160
215000,1610,9652,1610,0
299900,810,6150,810,0
1.45E+06,2820,7809,2820,0
239950,1900,33888,1900,0
494000,1830,7345,1540,290
317500,1730,7700,1010,720
670000,2110,7291,2110,0
650000,3060,7831,3060,0
852000,2620,7328,2620,0
250000,1088,1360,1088,0
264950,1400,10853,1400,0
582500,1540,6804,1020,520
384000,1540,1564,1300,240
817000,2310,3360,1790,520
320000,1730,9520,1730,0
445800,2070,39446,1470,600
263300,900,4500,900,0
215000,860,6635,860,0
842500,2980,4500,2070,910
850000,2980,4500,2070,910
386000,2740,12413,2740,0
251100,1790,5257,1790,0
435000,1750,16748,1330,420
870000,3610,12811,3610,0
800000,1430,20620,1430,0
555000,1570,15500,1570,0
280000,2280,37500,2280,0
356000,940,2366,940,0
675000,2920,6000,2920,0
605000,2260,11900,2260,0
690500,2000,4211,1280,720
437000,1440,4225,1440,0
850000,2310,13430,2310,0
350000,2300,4600,1340,960
480000,1490,6770,1490,0
379500,1830,25641,1830,0
600000,4440,9784,4440,0
1.44E+06,4970,16582,3930,1040
303000,1000,1075,840,160
800000,4940,10037,3450,1490
549000,1980,6000,1220,760
324950,1560,9600,1210,350
170000,870,6537,870,0
178000,840,6500,840,0
144000,1250,8314,1250,0
1.58E+06,3120,20031,1980,1140
258000,750,7000,750,0
345000,710,5050,710,0
470000,2290,14800,1620,670
2.90E+06,3750,91681,3750,0
350000,980,7790,980,0
225500,1590,11276,1590,0
473000,940,4000,720,220
279000,1750,9623,1150,600
470000,1460,8227,880,580
565000,1540,4800,770,770
695000,2560,6800,1380,1180
315000,1660,37642,1660,0
529000,1880,4499,1880,0
750000,3500,101494,3500,0
481500,1840,10500,1840,0
211000,1060,7412,1060,0
455000,1790,7500,1390,400
238950,810,4838,810,0
722500,2600,5100,1820,780
795000,3230,19193,2000,1230
327500,2240,9600,2240,0
585000,3400,5100,3400,0
775000,3140,10875,1940,1200
645000,2780,4200,2780,0
445000,2320,12368,1670,650
257950,1370,5858,1370,0
375000,2230,7560,1230,1000
245000,1610,7223,1610,0
725000,3410,41022,3410,0
702000,2810,4922,2810,0
330000,1850,14986,1850,0
940000,1790,4800,1790,0
354500,1150,11396,1150,0
279950,2420,8700,2420,0
284000,1580,7034,1180,400
480000,1760,21562,1560,200
647500,1760,21562,1560,200
625000,2750,35000,2750,0
152000,920,4875,920,0
322000,960,10181,960,0
445000,1120,4000,870,250
595000,1560,3960,1560,0
165000,1380,7334,980,400
278500,1940,6206,1940,0
517500,1810,10625,1370,440
343566,1100,4200,1100,0
286285,1980,9714,1170,810
474905,1340,6200,1340,0
550000,1680,4800,1400,280
286000,2060,16000,2060,0
900000,2620,7215,1770,850
449950,1610,5159,1610,0
259000,1490,7560,1490,0
340000,1900,8125,1540,360
785000,3440,56192,3440,0
490000,1840,3300,1130,710
344950,2330,6250,1400,930
950000,2250,2975,1880,370
810000,2000,3988,1000,1000
998160,3010,16050,1260,1750
377000,1680,7389,1150,530
595000,1530,6773,1530,0
313300,970,4800,970,0
360000,1550,5225,1550,0
188000,1660,7350,1660,0
755000,3680,203860,3680,0
1.29E+06,3210,4060,2290,920
455000,1480,13280,1480,0
817500,3600,9312,2680,920
550000,1700,1481,1700,0
260000,1680,8725,1240,440
320000,1550,34175,1550,0
1.15E+06,3780,10623,2650,1130
362000,2360,7370,1460,900
503500,1810,1750,1350,460
653000,2290,3475,2290,0
760000,3370,12447,3370,0
775000,2090,5050,1090,1000
1.34E+06,2130,34689,2130,0
417500,2060,10911,1360,700
525000,1560,9350,1220,340
217000,730,2400,730,0
525000,2910,6308,1640,1270
442500,2490,8700,1890,600
525000,1710,10440,1710,0
425500,1520,10630,1520,0
710000,2930,218235,2930,0
545000,3160,10948,1930,1230
410000,2910,16410,2910,0
245000,1700,8100,1200,500
194900,810,6697,810,0
284000,2000,5390,2000,0
280000,1894,52769,1520,374
280000,2080,87991,1040,1040
360000,1730,5500,1010,720
405000,720,4323,720,0
865000,3560,13981,3560,0
483300,1210,11100,1210,0
355000,2130,9268,2130,0
274950,1570,8767,1180,390
1.93E+06,3950,6134,2880,1070
755000,3450,15586,2690,760
1.94E+06,7220,223462,6220,1000
309212,1150,9600,1150,0
219950,1500,7615,1150,350
690000,1300,5150,1300,0
250800,1290,4000,1170,120
557500,2510,35255,2510,0
941000,2320,3825,1820,500
3.65E+06,5480,19401,3910,1570
305000,2030,8600,1230,800
815000,2060,16110,2060,0
1.02E+06,2920,34527,1800,1120
1.24E+06,3330,6990,2330,1000
535000,2110,8164,2110,0
775000,1175,10454,1175,0
255000,1590,8670,1590,0
327000,1070,9750,1070,0
560000,2720,8819,2240,480
1.34E+06,2980,6349,2980,0
199500,1160,5200,1160,0
760000,3580,97574,3580,0
439000,3020,6000,1980,1040
527000,2380,5250,1410,970
199950,2270,13590,1300,970
254000,1660,8188,1660,0
393000,830,5000,830,0
585000,2480,12614,1860,620
450000,1900,7740,1150,750
565000,1670,4008,1670,0
330000,2000,7900,1300,700
870000,2320,65340,2320,0
585000,1860,8117,1460,400
500000,2110,208737,2110,0
225000,1400,7384,1150,250
295000,1400,7384,1150,250
775000,2850,14800,1920,930
280000,1370,11050,1370,0
539000,2170,3200,1280,890
567500,2570,14033,2570,0
442500,1970,7902,1310,660
598200,2980,4635,2980,0
610000,2300,10843,2300,0
544900,1990,4936,1990,0
557500,2390,38258,2390,0
532500,2160,7500,1430,730
1.35E+06,3300,15907,3300,0
750000,1840,2825,1040,800
530000,2030,10958,2030,0
346100,1400,2036,1400,0
260000,2320,16800,2320,0
365000,1410,9150,1410,0
615000,1860,42800,930,930
318400,1820,6916,1820,0
498500,1910,7172,1910,0
450000,1540,7490,1540,0
200000,1430,7905,1430,0
234000,1010,8906,1010,0
121800,940,8384,940,0
805000,2600,5875,1600,1000
410000,2060,7283,1220,840
475000,1920,4534,1920,0
1.34E+06,2900,21074,2900,0
269000,1020,7920,1020,0
573000,2150,9520,2150,0
330000,1660,2890,1660,0
252750,1230,7410,1230,0
745000,2170,7546,2170,0
280000,1280,7633,1280,0
535000,2240,6920,1380,860
580000,1780,5100,1320,460
301000,1840,7200,1220,620
600000,1740,7700,1740,0
538900,3040,6604,3040,0
366000,2370,4375,2370,0
303000,2100,6783,2100,0
432000,1470,1578,1090,380
300000,1300,6120,820,480
908800,3420,7826,2430,990
500000,1190,4750,970,220
254000,2080,16117,1740,340
470000,2180,4268,1340,840
480000,1460,7860,1460,0
536000,1530,8503,1150,380
1.35E+06,4740,8611,3640,1100
550000,1980,40887,1980,0
260000,1710,6400,1240,470
284900,1160,982,890,270
740000,2200,3000,1530,670
425000,1170,5000,1030,140
230000,1120,7500,1120,0
675000,1710,4000,1710,0
267500,1650,7807,1650,0
814000,2840,8820,1420,1420
1.25E+06,3310,217800,3310,0
460000,1860,7232,1320,540
445000,2250,9608,2250,0
715000,2890,7027,2890,0
425000,2120,5992,1060,1060
370000,2130,4750,2130,0
302000,1170,8200,780,390
453000,2120,7420,1060,1060
290000,1280,10716,1280,0
1.04E+06,3170,47502,3170,0
925000,2260,41984,2260,0
600000,2930,19876,2030,900
354000,1060,5750,1060,0
204950,1740,9344,1180,560
675000,2990,5400,2990,0
995000,3530,20012,3530,0
800000,2960,10960,1500,1460
472500,1650,3711,1650,0
549950,2720,13500,1510,1210
575575,1516,2897,998,518
545000,4386,12275,2356,2030
340000,2580,7434,1630,950
225000,960,5512,960,0
299950,1460,10506,1460,0
829900,3840,4000,2640,1200
340000,2090,4200,2090,0
515000,2470,7800,1470,1000
601000,2090,6906,2090,0
470000,2070,8581,2070,0
371500,1650,6400,980,670
550000,1880,45738,1410,470
242550,2060,7720,2060,0
367500,1410,9647,1410,0
359000,2770,8763,2100,670
204900,1390,8245,1390,0
850000,5440,239580,2720,2720
187000,1280,4452,1280,0
326000,1720,28000,1720,0
340000,1720,28000,1720,0
330000,3040,28535,1890,1150
782000,3780,7769,3110,670
612000,2670,5974,2670,0
400000,1350,7216,1350,0
941500,3490,9680,2460,1030
313000,870,747,800,70
735000,2410,4250,1460,950
471000,1640,10123,1340,300
350000,1540,9800,1540,0
530000,2370,9601,1570,800
415000,1830,9548,1830,0
639500,2330,8994,2330,0
580379,2240,27820,2240,0
378000,1700,2513,1700,0
265000,1750,9298,1410,340
212000,1100,9750,1100,0
400000,2320,13068,2320,0
750000,2540,6491,2540,0
384900,3090,12750,1750,1340
176000,770,5200,770,0
350000,2370,4632,2370,0
168000,1200,7210,1200,0
358000,2200,3060,1100,1100
580000,2660,32757,2660,0
442500,1600,10280,1050,550
515000,1330,1249,1330,0
554000,3440,12900,1720,1720
659000,2510,6320,2510,0
414999,2150,10098,1090,1060
275000,1180,10277,1180,0
193000,680,8640,680,0
525000,2840,4750,2840,0
424000,1820,7500,1820,0
455000,1070,5150,870,200
463000,1250,5650,1250,0
1.10E+06,2190,6300,1240,950
523000,3000,5413,1900,1100
615000,2270,9830,2270,0
1.52E+06,4500,11795,4500,0
870000,3400,5000,2320,1080
710000,2830,9680,2830,0
215000,960,9563,960,0
590000,1530,6450,1530,0
323000,2500,13034,1300,1200
279000,1560,7569,1560,0
535100,2070,7207,1720,350
830000,2710,19800,1910,800
815000,3150,4203,3150,0
535900,1880,10880,1480,400
230000,1250,8800,1250,0
325500,2290,8142,1490,800
359000,1990,4331,1990,0
505000,2100,5824,2100,0
253905,940,8400,940,0
369950,1640,4860,1200,440
350000,1860,8378,1860,0
650000,2100,2500,2100,0
295000,1500,15246,1500,0
620000,1680,28046,1180,500
2.00E+06,3900,920423,3900,0
246000,1400,7410,1400,0
430000,2600,12860,1350,1250
509990,1440,4859,1440,0
490000,1870,9500,1090,780
385000,2960,10454,2360,600
769000,2440,6733,2440,0
185000,1122,9100,1122,0
303500,1060,10464,1060,0
468000,2150,8165,1430,720
449950,3100,10000,3100,0
235000,880,1805,880,0
520000,2490,34947,2150,340
203000,1080,9067,1080,0
657000,2530,10190,1290,1240
275000,1200,7800,1200,0
540000,2850,7453,2850,0
455000,2950,4502,2950,0
458500,1160,6828,860,300
549900,3420,4751,3420,0
750000,2240,10578,1550,690
235000,1450,8891,1180,270
286000,1820,7930,1820,0
2.65E+06,4700,13730,3500,1200
602000,2430,14000,1580,850
640000,1960,4080,1960,0
267000,1440,10920,1440,0
712000,2730,4385,2730,0
244500,910,9000,910,0
301000,910,9000,910,0
990000,2430,6325,2020,410
739999,3350,6500,3350,0
480000,2320,4322,1140,1180
305000,1260,1622,1260,0
703300,1980,3525,1590,390
265000,1580,8468,1580,0
600000,2710,35009,2710,0
253000,1400,9750,1400,0
617950,2410,7950,2410,0
385000,1790,2460,1100,690
319000,1640,9234,1060,580
696000,1670,8023,1170,500
345000,970,5750,970,0
380000,1610,1778,1610,0
647500,2060,26036,1160,900
725000,3570,35271,3570,0
269950,1400,7735,1400,0
875000,3470,32109,3470,0
299950,1210,9525,1210,0
1.88E+06,3930,10929,3930,0
430000,990,4802,990,0
495000,2200,4942,2200,0
275000,1510,16200,1510,0
333000,1620,5040,1120,500
247000,1580,7941,1580,0
204555,1260,15000,1260,0
432000,2190,13673,2190,0
175000,1230,13056,1230,0
556300,2030,7140,1400,630
286000,780,3475,780,0
320000,1110,1200,1110,0
815000,2790,53143,2790,0
385000,1660,10757,1000,660
1.04E+06,3410,5000,2190,1220
350000,2390,13002,2390,0
277000,1850,5880,1850,0
415000,2500,5200,1250,1250
295000,1000,8320,1000,0
969000,2450,5000,2200,250
339888,1440,6144,720,720
269950,1660,7003,1660,0
1.19E+06,2510,4600,2510,0
780000,3090,12511,3090,0
198000,860,5185,860,0
350000,1220,28703,1220,0
350000,1010,7680,1010,0
319000,2390,7350,2390,0
311000,3340,8000,3340,0
394000,3620,4650,2790,830
1.34E+06,4200,5800,2910,1290
2.70E+06,3831,13800,3831,0
396000,1980,9540,1080,900
809000,1790,8372,1340,450
480000,1580,7400,1050,530
535000,2460,6000,1230,1230
425000,2110,5120,1870,240
408000,1470,1204,1470,0
1.26E+06,3510,13100,3510,0
310000,520,2885,520,0
292000,1950,7421,1950,0
217000,770,9715,770,0
398500,2250,6064,2250,0
2.25E+06,4040,7200,3340,700
700000,2360,6000,1280,1080
585000,2330,45860,2330,0
399950,1720,8910,1720,0
235000,1900,8540,950,950
212000,1040,6800,1040,0
310000,2070,9195,1220,850
539000,2070,9195,1220,850
390000,1550,1608,1280,270
560000,2020,11935,2020,0
800000,3320,9024,3320,0
1.90E+06,4130,112521,4130,0
472000,2030,9804,1110,920
502550,1770,7875,1170,600
830000,3330,7809,3330,0
224950,2260,9686,1520,740
375000,1950,6871,1950,0
645000,2930,19900,2930,0
599000,1960,2500,1410,550
515000,2980,12534,2980,0
135000,780,6685,780,0
485000,1650,4218,1650,0
890000,4030,12765,2800,1230
215000,1010,10125,1010,0
299500,1190,9600,1190,0
800000,1050,8750,1050,0
275000,1560,4244,1560,0
256400,1490,7800,1010,480
310000,770,8149,770,0
385000,620,5100,620,0
203000,1200,9120,1000,200
285000,2120,6865,1060,1060
473975,2330,3610,2330,0
320000,2000,9760,1400,600
599000,2820,4608,1450,1370
580000,2040,4800,1020,1020
269500,1700,7056,1700,0
274000,820,6200,820,0
347000,1315,2162,1315,0
270000,1390,10905,860,530
1.43E+06,1890,12017,1890,0
220000,1460,7226,1460,0
243000,1480,15416,1480,0
457500,1840,4030,1050,790
340000,1880,7208,940,940
657500,1910,5000,1610,300
332500,2220,4720,2220,0
340000,1410,10015,1410,0
350000,3380,16133,2330,1050
428000,1950,5602,1120,830
515055,2400,8320,2400,0
450000,1560,8968,1560,0
190000,1040,8910,1040,0
1.00E+06,3090,16538,2590,500
299000,1850,4600,1850,0
508000,1200,2500,1090,110
294000,2190,3746,2190,0
320000,1380,5820,1380,0
641000,3710,8674,3710,0
675000,2320,98445,1380,940
255000,1110,10296,1110,0
286651,1830,4997,1830,0
607500,2460,45738,1650,810
765000,1270,6500,1270,0
334950,1700,40973,1700,0
426000,1130,9147,1130,0
775000,1640,18730,1640,0
343000,1040,8526,1040,0
470101,2320,7800,2320,0
195000,1200,7800,1200,0
772500,1720,4410,1720,0
450000,2330,11740,1330,1000
1.44E+06,4410,9231,4410,0
525000,1650,8560,1650,0
280000,1370,11400,1370,0
270000,1770,8640,1420,350
406100,1410,1332,1410,0
332544,1710,4187,1710,0
110000,790,8250,790,0
685000,2770,5854,2120,650
461000,1260,8505,1260,0
615000,2300,8067,1300,1000
550000,1070,3000,870,200
1.06E+06,3850,8100,2430,1420
685000,2320,219978,2320,0
1.56E+06,2870,16238,2870,0
312000,1830,5175,1830,0
507500,1990,9594,1190,800
217000,1110,9827,1110,0
439000,1830,13477,1170,660
620000,3600,6875,2740,860
915000,3210,8532,3210,0
425000,1490,5300,1110,380
435000,990,5643,870,120
305000,1646,12414,1646,0
276000,720,4000,720,0
327500,2310,7200,2310,0
810000,2670,10481,2670,0
715000,3060,9055,2460,600
272000,1380,11760,1380,0
266000,700,5559,700,0
543000,1710,8364,1710,0
400000,1450,8064,1450,0
509500,2060,9000,1320,740
495000,2380,6250,1670,710
424950,2760,5564,2760,0
230000,940,10875,940,0
235000,1760,6150,1760,0
763000,1360,8752,1360,0
350000,2010,6150,2010,0
900000,2160,2260,1620,540
250000,930,6060,930,0
225000,1020,2040,720,300
255000,1360,5433,1360,0
161700,1720,7200,1220,500
336000,1790,13350,1190,600
410500,1150,6800,1150,0
502700,2710,14016,2710,0
505000,2400,9601,1390,1010
250000,1660,7650,1350,310
570000,1660,7650,1350,310
349900,2290,8796,2290,0
465000,2870,25663,2870,0
625000,4240,25639,3550,690
655000,1800,5102,1170,630
469000,2960,11347,1570,1390
355000,1980,7200,1300,680
596000,1730,2631,1730,0
790000,3020,36893,3020,0
885000,4470,86225,4470,0
1.03E+06,2830,4000,1910,920
710000,2120,5400,1060,1060
428040,2150,9266,2150,0
1.37E+06,3510,13843,1850,1660
546000,970,3400,970,0
540000,1360,5766,1360,0
435000,1470,3000,930,540
540000,3040,10283,1430,1610
284000,860,7204,860,0
208000,820,5700,820,0
315000,1900,7076,1130,770
417500,1330,5510,850,480
345000,1240,38095,1240,0
375000,1330,1064,1330,0
389800,1880,12821,1880,0
475000,1890,7560,1430,460
569000,2250,41688,2250,0
985000,4650,108464,3260,1390
532000,1830,8022,1830,0
280000,720,5000,720,0
435000,1960,50112,1050,910
223000,1220,71191,1220,0
390000,1800,119790,1200,600
315000,1340,12800,880,460
612000,1740,3700,1740,0
591000,1680,2400,870,810
800000,3220,8436,3220,0
225000,1610,8400,1610,0
589900,3160,66646,3160,0
565000,2520,13156,1520,1000
650000,2120,8448,1060,1060
499000,2090,8505,2090,0
280000,1330,20562,1330,0
649950,2420,7500,1210,1210
420000,1510,6360,1510,0
319990,2120,5293,2120,0
265000,1850,16535,1850,0
482000,2300,16474,1220,1080
452000,2600,14810,1490,1110
1.49E+06,5180,13077,4280,900
375000,1810,8527,1810,0
588000,2190,4900,1490,700
635000,2500,10215,2500,0
280500,1890,6962,1890,0
210500,2040,8600,1430,610
196500,1310,7000,1310,0
1.40E+06,4010,8510,2850,1160
475000,1780,8033,1210,570
550000,1980,9061,1980,0
1.58E+06,3690,7200,3690,0
240000,1540,6687,1200,340
272000,1130,8100,1130,0
408506,2480,209199,1870,610
640000,2580,7500,2580,0
316000,2010,7226,2010,0
299000,2320,12000,1720,600
447500,1180,2090,1180,0
736500,3180,21904,3180,0
665000,2970,52567,2970,0
707000,3050,13212,1590,1460
215000,1630,8000,1630,0
275000,1620,6415,1620,0
648000,2170,8240,2170,0
415000,2150,8173,2150,0
690000,1770,1800,1770,0
320000,2110,13260,1290,820
750000,1590,8285,1590,0
355000,1370,1524,1370,0
246000,1390,7399,1390,0
1.16E+06,1640,10464,1640,0
744000,2670,12187,2670,0
1.21E+06,5400,24740,5400,0
217000,1690,6750,1210,480
583000,2600,5100,2600,0
515000,1400,5000,1150,250
594000,2140,8000,1410,730
303100,1640,5650,1640,0
430000,1720,15225,1020,700
708000,3060,11778,3060,0
221000,1150,7260,1150,0
325000,2000,7205,2000,0
1.30E+06,4810,28008,4810,0
385000,1560,5950,780,780
359500,2070,4689,2070,0
433000,1920,7200,1300,620
525000,1000,4950,800,200
356200,1690,10062,940,750
595000,3090,87120,1590,1500
560000,1790,3420,1020,770
2.18E+06,4750,21701,4750,0
513000,2090,4000,1480,610
365000,680,2550,680,0
368000,2100,11942,1030,1070
870000,2840,4000,1960,880
225000,1470,6808,1160,310
1.39E+06,4490,24767,3800,690
177000,1150,8079,1150,0
465000,1460,9879,1460,0
750000,3150,6343,1810,1340
149000,1090,2800,1090,0
605000,2670,47480,2670,0
725000,2110,5800,1990,120
413900,1770,5236,1770,0
199950,1510,6600,1510,0
400000,530,13679,530,0
870000,2420,5000,2200,220
292000,2490,7666,1490,1000
225000,990,8012,990,0
466750,1730,9139,1730,0
330000,1440,11954,1440,0
770000,3260,8145,3260,0
802500,1950,7000,1450,500
378800,2740,5400,2740,0
795000,2940,12487,2940,0
460000,1200,7320,1200,0
567000,2070,10908,2070,0
209950,1570,15570,1570,0
415000,1050,60113,1050,0
424500,1830,6985,1080,750
261000,970,12500,970,0
365000,2200,9696,2200,0
631000,1930,3240,1930,0
3.80E+06,7050,42840,4320,2730
584000,1790,3962,1790,0
310000,1560,82328,1560,0
717000,2780,7985,2780,0
667000,1720,8100,1720,0
190000,1640,8100,1040,600
430000,1730,9000,1370,360
213000,740,7380,740,0
475000,2280,3710,1550,730
649000,2090,23962,2090,0
715000,2550,13458,2550,0
845000,3350,19487,2460,890
390000,2770,8820,1900,870
390000,2860,5724,1730,1130
328000,1990,7194,1400,590
239999,1740,8436,1140,600
225000,1460,7740,1460,0
920000,3670,11884,1950,1720
940000,3270,9231,3270,0
465000,1210,4872,1210,0
241000,1770,7000,1770,0
307550,1980,5909,1980,0
490000,2650,9627,1610,1040
647000,3040,6887,3040,0
780000,3640,231739,3640,0
517500,1810,4332,1810,0
295000,1380,8682,1380,0
560000,1810,3400,1810,0
319450,2250,5472,1750,500
1.50E+06,3860,7199,2870,990
340000,2380,20277,1500,880
249950,1370,11658,1370,0
499950,1830,3000,1430,400
1.04E+06,1440,13296,1440,0
750000,2510,17200,1540,970
875000,3230,256132,3230,0
678000,1670,7210,1670,0
360000,780,4200,780,0
354900,1720,16552,1720,0
632000,2260,10087,1520,740
350000,1480,9375,1480,0
990000,2550,3900,2050,500
1.65E+06,3920,881654,3920,0
481000,2286,8269,2286,0
485000,1500,5412,900,600
477000,1740,4960,1740,0
560000,2880,9000,1440,1440
600000,2600,9350,1340,1260
622500,3320,23760,2190,1130
410000,1660,2128,1660,0
318200,1990,3644,1990,0
289000,1680,8424,1680,0
263000,1570,7775,1570,0
240000,1150,4825,1150,0
281500,1270,7500,1270,0
587206,1890,1710,1640,250
482000,1350,1248,1180,170
485000,1650,9500,1650,0
309000,1450,11480,1450,0
221000,1640,7350,1140,500
700000,2030,8398,2030,0
411500,2420,7740,1360,1060
285000,2770,10505,2770,0
395000,1980,7931,1160,820
237950,1460,7926,1460,0
680000,1610,8064,1160,450
199950,1010,10057,1010,0
765000,2760,4000,2000,760
515000,1060,4960,1060,0
470000,1510,8000,1510,0
330000,880,4000,780,100
284000,2150,9375,1550,600
295000,1660,8125,1150,510
555000,2160,10987,1440,720
350000,1370,8162,1370,0
240000,1460,5818,1140,320
419900,1450,7000,1450,0
528000,1560,6300,1560,0
481000,2480,9869,1240,1240
304700,740,5995,740,0
715000,2927,12171,2927,0
738950,2260,12005,2260,0
215000,1240,9405,1240,0
300000,2040,10812,2040,0
346000,1270,8100,880,390
473000,4370,37193,2780,1590
500000,1700,6120,1700,0
750000,1300,7632,1300,0
519900,1820,9350,1820,0
378500,880,6171,880,0
314500,1870,12381,1870,0
499950,1350,9315,1350,0
1.74E+06,4870,7700,3650,1220
630000,2460,38794,2460,0
360000,1720,6417,1720,0
460000,2730,19877,1570,1160
361000,1100,4046,1100,0
713400,1810,9845,1810,0
445000,930,3150,930,0
305000,1590,131551,1590,0
1.43E+06,2710,9204,1480,1230
222000,1460,8400,1460,0
510000,3400,4499,2740,660
500000,2920,11440,2920,0
605000,910,3600,910,0
393000,1320,10720,1320,0
725000,2490,5170,2490,0
320000,2220,11646,1270,950
210000,1130,7840,1130,0
419900,2750,5767,2750,0
410000,2240,4447,2240,0
721000,2680,10440,1540,1140
605000,1270,5500,1270,0
738000,1520,5500,1520,0
725000,2480,12000,2480,0
255000,960,20954,960,0
303000,1340,873,1340,0
394950,1090,7700,1090,0
530000,2240,5580,1830,410
475000,3740,8700,2260,1480
250000,1800,8100,1800,0
180000,780,3540,780,0
443500,1330,4140,930,400
390000,1900,76877,1900,0
430000,1570,7650,1100,470
460000,3100,7260,3100,0
660000,2740,3785,2190,550
515000,1570,10939,1200,370
482500,1330,6490,1330,0
305000,1140,2980,1140,0
835000,1550,4000,1550,0
237000,1290,7952,1290,0
445000,1510,2001,1510,0
710000,2720,8000,1360,1360
180000,840,5700,840,0
280017,1850,8770,1850,0
436500,2290,11173,2290,0
1.26E+06,3200,7535,3200,0
420000,1800,9800,1300,500
205000,860,7467,860,0
570000,1980,10203,1680,300
565000,2140,7102,1070,1070
287000,2410,7500,1550,860
260000,1650,7276,1010,640
470000,1650,7276,1010,640
700000,2410,9916,2410,0
249000,1520,7500,1520,0
568000,2050,3520,1070,980
500000,1720,4011,1720,0
358000,2390,8775,1270,1120
225000,1680,6755,1680,0
275500,1060,7246,1060,0
495000,1860,3150,1860,0
758800,1750,5000,960,790
280000,1480,8165,1480,0
380500,1900,7361,1900,0
3.20E+06,6210,8856,4760,1450
260000,1440,12888,1090,350
630000,1910,1502,1910,0
875000,2010,4000,1210,800
457500,960,4600,960,0
900000,1240,5500,1240,0
235000,870,6450,740,130
410000,1400,45738,1400,0
355000,1850,9600,1230,620
1.30E+06,4270,6002,3180,1090
467500,2260,8512,1130,1130
500000,2690,7350,2690,0
995000,2780,9550,2530,250
277000,1140,8144,1140,0
630000,2900,9680,1990,910
628000,2830,11795,1710,1120
655000,2560,46786,2560,0
170000,1240,9900,940,300
352500,2100,10750,2100,0
615000,3120,34040,3120,0
165000,970,6600,970,0
243500,2300,15188,2300,0
304000,950,676,850,100
369000,2110,5195,1210,900
779950,2990,4298,2990,0
605000,2940,48788,1520,1420
292500,1860,8709,1860,0
500007,1820,6050,910,910
449999,1950,4947,1950,0
355000,1890,7867,1890,0
258000,2710,7199,1710,1000
380000,2150,20181,1090,1060
650000,3720,57499,1880,1840
456500,2580,11780,2580,0
259950,1540,10212,1540,0
123000,1050,6600,1050,0
520000,1210,1250,1210,0
506000,2040,12000,1300,740
425000,980,4800,980,0
438000,1990,6840,1990,0
1.49E+06,2420,18480,2420,0
375000,1240,3000,1040,200
337500,1530,6600,1240,290
300000,2080,7700,1450,630
627000,3570,5425,3570,0
1.40E+06,4230,6907,3450,780
674725,2700,10160,2700,0
325000,2200,7000,1280,920
230000,1210,12538,1210,0
485000,2140,43124,1220,920
315000,2740,8400,2740,0
560000,1370,1193,1370,0
444000,2800,7198,2800,0
325000,1060,7488,1060,0
118125,790,7153,790,0
212000,790,7153,790,0
428900,2820,5056,2820,0
510000,1850,9600,1850,0
416000,1110,9762,1110,0
950000,3230,438213,3230,0
204000,1460,7140,980,480
7.70E+06,12050,27600,8570,3480
878000,3480,13421,3480,0
1.05E+06,3560,4000,2970,590
350000,840,5551,840,0
659500,1820,5500,1620,200
395000,1630,15200,1120,510
308950,1920,8562,1920,0
410000,1750,2550,1750,0
710000,2750,7500,1630,1120
175000,620,8685,620,0
508800,1720,10098,1140,580
606400,1800,5000,1500,300
245100,1300,7958,1300,0
540000,1970,14876,1320,650
415000,1740,9046,1740,0
469500,1930,13041,1180,750
195000,1190,14777,1190,0
1.62E+06,4250,12281,3020,1230
1.45E+06,4360,24603,4360,0
1.20E+06,3420,16622,2410,1010
1.07E+06,4260,9800,4260,0
555500,920,10000,920,0
440000,1040,4000,1040,0
485000,1260,7250,960,300
693000,2460,12028,2460,0
295000,830,3386,830,0
700000,2060,10650,1050,1010
767500,2210,9374,1560,650
800000,5480,189050,5140,340
440000,1860,217800,1860,0
600000,1350,187313,1350,0
1.16E+06,2790,5450,1930,860
506000,1570,8210,1150,420
474950,2030,15400,1130,900
654000,2570,5500,1320,1250
710000,1210,6000,1000,210
620000,1530,7845,1030,500
390000,1510,10827,1510,0
550000,1720,9600,1220,500
353000,2190,7021,1390,800
465000,3030,47958,1660,1370
279900,1410,6600,1410,0
700000,1679,577605,1679,0
395000,1980,10350,1430,550
375000,1900,9428,1900,0
547000,1720,2800,1200,520
525000,2480,10277,1640,840
285000,1210,4731,1210,0
570000,1540,4025,1190,350
409000,2740,9168,2740,0
260000,1811,4381,1811,0
348000,2720,7697,2120,600
389000,1520,9800,1520,0
445000,2160,7200,1220,940
400000,1390,4602,930,460
302000,1740,7895,1740,0
798000,2849,9588,2849,0
335000,1440,8842,840,600
585000,3000,6892,3000,0
2.50E+06,3330,24354,3330,0
555000,1720,2300,860,860
3.10E+06,3920,13085,3920,0
295000,1500,3060,1500,0
265000,2050,7100,1050,1000
330000,1180,7275,1180,0
286000,1600,5750,1600,0
305000,1260,895,1160,100
970000,1290,5376,1290,0
525000,2680,14157,1460,1220
355000,2370,9750,1280,1090
469950,2310,8303,1300,1010
435000,1450,8800,1450,0
363500,2680,7700,2680,0
595000,1030,4500,830,200
275000,1320,11090,1320,0
295000,670,7952,670,0
345000,2670,37089,2670,0
485000,2440,47916,2090,350
1.25E+06,3370,8113,3370,0
340500,940,5413,940,0
280000,1100,5132,840,260
449888,2520,78408,2520,0
483000,1400,4720,820,580
445500,1880,9360,940,940
379900,2800,7350,2800,0
599950,2500,3080,1810,690
215000,810,5240,810,0
263000,1720,6847,1720,0
565000,2170,12100,2170,0
950000,4530,258746,3200,1330
395000,1440,8320,1440,0
1.54E+06,2850,4100,1820,1030
922000,2620,14126,1620,1000
330000,1676,18778,1676,0
1.53E+06,5850,35070,4410,1440
323000,1910,8329,1910,0
554000,1670,4996,1670,0
500000,2050,11454,2050,0
775000,3730,16679,2760,970
340000,1800,5210,1080,720
560000,2230,6838,1320,910
304000,1670,5298,1670,0
279900,1400,10800,1400,0
315000,2110,10766,2110,0
849000,2160,6300,2160,0
325000,2420,14862,1380,1040
786000,3320,8808,3320,0
384000,3220,8160,3220,0
907000,1340,6000,1340,0
700000,2490,23891,2490,0
269500,1640,8395,1640,0
269000,1420,7297,1130,290
749950,3340,123600,3340,0
325000,1580,4007,1580,0
1.15E+06,2170,16600,1130,1040
406000,1370,7853,1370,0
650000,2840,9354,2840,0
295000,1940,7500,1940,0
375000,1757,19370,1757,0
395000,980,5100,980,0
609000,2470,9267,2470,0
510000,1610,11950,1210,400
190000,1590,11745,1090,500
250000,780,1033,780,0
295000,720,7450,720,0
740000,1630,4080,1630,0
323000,1590,7759,1590,0
713000,2310,1850,2020,290
1.07E+06,2320,6090,2040,280
460000,1660,9900,1660,0
880000,2070,5000,2070,0
585000,2500,7000,1250,1250
249950,940,8532,940,0
450000,1990,3478,1520,470
450000,2620,14096,2620,0
1.78E+06,3730,7071,3730,0
350000,1600,1298,1600,0
292500,2095,3438,2095,0
879000,4230,31747,4230,0
1.18E+06,3200,7500,1860,1340
584999,2050,17859,1300,750
366000,2020,8093,1300,720
987500,3270,15760,2000,1270
300000,1320,7200,1320,0
299000,1270,7800,890,380
560000,1980,2700,1210,770
695000,2620,51354,2620,0
360000,1750,18810,1220,530
183500,1040,8892,800,240
311000,1900,3000,1070,830
263000,1660,7210,1660,0
269000,1530,7930,1530,0
1.60E+06,4280,9583,4280,0
564000,2870,6658,2870,0
425000,2540,5612,2540,0
679000,2100,4480,1780,320
410000,1740,9300,1740,0
340000,2441,7316,2441,0
360000,1810,7200,1030,780
450000,2060,44866,2060,0
552000,3160,8429,1620,1540
294000,2930,12840,2930,0
663500,1310,5200,910,400
1.98E+06,4800,9097,3580,1220
175409,1450,5530,1450,0
459000,1900,9077,1900,0
339950,1050,5402,1050,0
393000,1610,15246,1610,0
275500,720,11400,720,0
485000,1020,9835,1020,0
250000,1250,7920,1250,0
935100,3200,8049,2700,500
245000,990,9599,990,0
670000,2850,25993,2850,0
1.39E+06,4240,21578,3500,740
440000,2800,49149,1400,1400
1.25E+06,2310,3313,2310,0
203000,1490,8000,1200,290
583000,1840,4011,1840,0
575000,1740,9163,1740,0
2.58E+06,3280,3800,2880,400
1.60E+06,4050,20925,3020,1030
312500,2160,8755,2160,0
455000,2720,31314,2720,0
1.31E+06,3650,16600,1860,1790
605000,1750,6120,1150,600
325000,2450,49658,1770,680
630000,1940,7306,1470,470
928950,3280,6000,3280,0
489950,2480,10804,1800,680
550000,2120,18255,1590,530
237000,1710,7920,1260,450
390000,1690,10113,1310,380
665000,2190,10370,2190,0
277000,1960,5160,1170,790
545000,1510,5000,1510,0
615000,1490,1410,1300,190
343000,2210,7920,1400,810
597000,2340,7877,2340,0
600000,940,19000,940,0
479000,1470,6018,1470,0
292000,1650,14633,1650,0
265000,1400,6527,1110,290
623000,2710,49044,2710,0
486000,2150,39449,1420,730
520500,1900,8100,950,950
1.30E+06,4380,74052,4380,0
825000,2290,6300,2150,140
259900,1690,7953,1690,0
1.17E+06,3090,12031,1600,1490
245000,1120,5650,720,400
830200,2680,4990,1440,1240
650000,2400,7351,2400,0
305000,1610,6250,1610,0
599000,3470,12003,3470,0
272000,2070,6175,2070,0
415000,2420,10733,2420,0
319000,2380,7400,1760,620
425000,2120,15920,1060,1060
297500,2190,8100,1250,940
725000,2740,12899,2740,0
325000,1830,7585,1830,0
460000,1370,8467,970,400
396480,1000,10800,1000,0
1.03E+06,2050,4800,1950,100
370000,1750,9166,1170,580
260656,1620,13803,1620,0
431000,1710,12677,1710,0
320000,1060,5000,1060,0
296500,2170,7900,1380,790
679000,3080,8451,1540,1540
359000,1320,1071,1080,240
330000,1920,12040,1920,0
350000,2440,4000,2440,0
242000,1640,8922,1640,0
692500,2420,198198,2420,0
441000,1190,3400,990,200
765000,2910,15016,2910,0
375000,1010,4050,1010,0
365000,2080,7800,1220,860
580000,1990,6000,1430,560
1.61E+06,3920,19088,2240,1680
841000,3080,13870,3080,0
515000,2670,11761,1370,1300
565000,4320,107157,2160,2160
365000,1200,6380,1200,0
295000,1640,7222,1640,0
406500,870,5750,870,0
614905,2410,7225,2410,0
1.40E+06,2640,14959,1770,870
250000,990,10556,990,0
549000,1500,3978,1500,0
397000,1790,6590,1790,0
184000,1490,10125,1490,0
2.50E+06,3960,16224,3100,860
499100,1620,5108,1620,0
676101,2270,6010,1290,980
290000,1150,8145,990,160
390000,2180,7560,1560,620
465000,910,4500,910,0
470000,2770,54707,2370,400
435000,940,7590,940,0
415000,2410,8944,1860,550
450000,1010,2820,1010,0
645000,2120,196995,2120,0
231000,1530,6375,1530,0
358000,1810,100188,1810,0
330000,1040,11900,1040,0
229950,1160,1848,1160,0
403250,1430,8137,1130,300
470000,2280,6134,2280,0
239000,1200,7810,1200,0
579000,2480,6000,1520,960
380500,1270,1348,1270,0
614285,2730,6401,2730,0
376000,1340,1635,1340,0
290000,1240,9300,1240,0
487000,2400,7000,1800,600
935000,1220,7489,1220,0
255000,2163,5882,2163,0
380000,1860,3504,1860,0
450000,810,4368,810,0
622000,1950,7481,1950,0
292500,1390,6004,1390,0
1.32E+06,2120,3600,1830,290
410000,1510,3240,870,640
160000,1010,5355,1010,0
809000,1840,4337,1840,0
183750,1650,5453,1650,0
411000,2860,12293,1430,1430
1.05E+06,2650,5512,2250,400
625000,1100,4160,1100,0
305000,1646,9519,1646,0
915000,5250,48352,5250,0
317000,1390,8300,1390,0
165000,780,6380,780,0
575000,1490,6000,1090,400
219900,970,7742,970,0
1.49E+06,3730,7200,2810,920
300000,1090,9900,1090,0
520000,1940,219527,1940,0
310000,1780,8820,1480,300
322500,1190,6445,1190,0
320000,2000,10374,2000,0
440000,1390,4997,1390,0
578000,1500,4500,1120,380
382000,1070,877,1070,0
535000,1720,4006,1720,0
679000,3680,7236,3680,0
258900,1400,10436,1040,360
563000,1730,9509,1270,460
562000,2795,15101,2795,0
725000,2000,3750,1120,880
236775,1830,8372,1830,0
860000,3380,8098,1690,1690
270000,1500,6337,1500,0
621000,1950,6930,1250,700
527900,2490,5928,2490,0
395000,1780,10748,1780,0
320000,1110,10500,1110,0
300000,2500,4750,2500,0
320000,1480,7225,1480,0
625000,2570,47480,2570,0
505000,810,5060,810,0
300000,2700,10814,1560,1140
363000,2180,9281,2180,0
1.70E+06,4330,15335,3230,1100
1.15E+06,4210,10308,4210,0
680000,2880,9202,1780,1100
678940,2610,4080,1750,860
299000,2010,8065,1090,920
379900,1500,11600,1000,500
205000,1290,6566,1290,0
387500,1320,4440,1320,0
256000,1290,4720,790,500
548000,2440,11005,2440,0
163000,1290,4811,1290,0
367500,1030,600,680,350
390000,1640,2875,1240,400
415000,1160,16008,1160,0
449000,2230,8440,2230,0
460000,1910,12264,1010,900
395000,1980,15354,1980,0
300000,1470,16500,1470,0
345000,1520,7439,1520,0
825000,1930,8442,1930,0
539950,1330,2180,1330,0
410000,1580,9581,1580,0
245000,1370,6000,1370,0
482000,3010,15750,1560,1450
270000,1390,9000,1390,0
475000,1330,14560,1330,0
445800,1320,6500,1320,0
518000,2430,11670,1330,1100
785000,1260,4800,1080,180
430000,1690,1310,1140,550
715000,3420,7200,1770,1650
560000,2790,6900,1700,1090
449000,1270,6600,1270,0
805000,2910,9000,2910,0
296000,1560,5845,1560,0
275000,770,4840,770,0
419950,1770,16909,1770,0
285000,1100,1307,780,320
775000,2890,8470,2890,0
288250,2110,15400,1380,730
257000,1220,2268,610,610
377000,950,10585,950,0
550000,1420,3100,820,600
339000,1100,4128,720,380
481500,2140,6000,1070,1070
224500,1300,7735,1300,0
260000,1790,11884,1790,0
865000,1470,5400,1470,0
730000,2500,11779,1550,950
550000,980,3080,980,0
645000,2130,4000,2130,0
250000,1360,16000,1360,0
507200,1630,1329,1360,270
380000,2500,11070,1300,1200
540000,2260,19500,1450,810
738500,2300,6009,2300,0
206000,1060,10350,1060,0
265000,940,9458,940,0
190000,780,77603,780,0
339900,1200,9087,1200,0
250000,2590,10890,1340,1250
416500,1100,4184,1100,0
575000,2890,9775,2890,0
385000,1230,7500,1230,0
253000,1030,6250,1030,0
460000,1140,4600,1140,0
1.45E+06,3200,3600,2600,600
492000,950,6000,950,0
275000,1960,30480,1060,900
542500,3010,1074218,2010,1000
345000,1080,7775,1080,0
575000,2730,35075,1530,1200
275000,2570,17234,1300,1270
510000,3300,7561,3300,0
2.54E+06,4350,6000,2970,1380
830000,3820,145054,2870,950
640000,2260,5172,2260,0
702000,3880,15025,3880,0
960000,2010,6857,1450,560
190000,950,7610,950,0
500000,1730,13040,1290,440
529000,3070,22098,3070,0
435000,1500,8173,1500,0
670000,2160,5760,1260,900
365000,1960,1985,1750,210
1.27E+06,3950,9520,2250,1700
465000,1100,145490,1100,0
285000,1400,7582,1400,0
219950,1020,4960,920,100
220000,1600,10548,1600,0
1.47E+06,4230,6420,2360,1870
1.11E+06,3090,3600,2060,1030
694000,2320,9311,2320,0
620000,2440,10363,2440,0
415000,2020,19210,1760,260
765000,3270,38088,3270,0
864000,2260,6600,1220,1040
385000,2020,4000,2020,0
725000,1000,19969,1000,0
545000,2030,11585,1590,440
299900,1730,9893,1730,0
639500,2010,8072,2010,0
345000,1540,7168,1160,380
1.13E+06,5330,18116,3950,1380
345000,960,2700,780,180
600000,1460,2800,730,730
355000,2160,7417,1360,800
698000,2640,11957,2260,380
566000,2170,7737,2170,0
449950,1530,3840,1530,0
404600,1570,7727,1270,300
258000,1490,7435,1120,370
415000,1960,10559,1960,0
320000,2190,9020,2190,0
295000,1690,4102,1690,0
389000,2330,10750,1190,1140
299900,1470,27000,1470,0
394000,2550,5349,2550,0
762000,2130,5500,2130,0
697000,3650,48351,3650,0
485000,3340,70131,2420,920
189900,800,5600,800,0
2.15E+06,3470,9610,3470,0
345000,1030,6969,1030,0
376500,1630,7800,1630,0
775000,2010,7017,2010,0
450000,1360,3737,1360,0
760000,2040,8315,1480,560
569000,2830,10954,2830,0
500000,2040,6750,1280,760
592500,1340,5350,1340,0
620000,2130,9139,2130,0
1.00E+06,3920,16258,2900,1020
815000,2415,2186,2415,0
775000,3750,12077,3750,0
340000,1010,7500,1010,0
458000,990,5850,990,0
250000,1200,5773,1200,0
151600,1060,16988,1060,0
515000,3200,6473,3200,0
216000,1810,10360,1010,800
245000,1670,24650,1670,0
645000,1850,16960,1850,0
249900,1100,5000,1100,0
410000,1660,6250,830,830
499000,2400,7500,1400,1000
790000,2900,12160,1890,1010
458000,2140,10350,1470,670
925000,2670,5100,1940,730
152000,1090,3264,1090,0
402000,1970,12205,1970,0
340000,1250,1178,980,270
1.25E+06,4040,11350,3690,350
775000,3220,38448,3220,0
299800,1310,2814,810,500
340000,2060,8400,1300,760
626000,1750,1572,1470,280
324950,1150,9186,1150,0
535500,2050,4976,2050,0
817500,3230,7639,3230,0
810000,4170,4322,2940,1230
565000,1940,3430,1220,720
978000,2390,4000,1690,700
530000,1440,27505,1440,0
305000,2230,6487,2230,0
345000,1210,1420,1210,0
258000,750,6553,750,0
275000,1770,7345,1770,0
310000,1020,55756,1020,0
713250,2050,9000,2050,0
500000,2000,21780,1480,520
472000,2180,7200,1090,1090
250000,920,4429,920,0
725000,3440,14237,3440,0
345000,1610,15005,1610,0
460000,1870,15685,1470,400
440150,1110,6800,1000,110
390000,2200,8036,1270,930
375000,790,5120,790,0
224950,1630,9282,1630,0
480000,2100,67269,1220,880
721000,2690,5400,2210,480
174000,600,4854,600,0
170000,810,9882,810,0
658000,1660,3190,1660,0
860000,1880,8494,1200,680
407450,2310,68824,2310,0
615000,2650,34000,2650,0
920000,3130,12381,3130,0
195000,860,10400,860,0
269950,990,9950,990,0
855000,4030,1024068,4030,0
620000,1780,1429,1570,210
276000,1480,6075,740,740
329000,1140,5258,1140,0
270000,1230,7500,1230,0
440000,3080,10646,3080,0
639000,1990,8034,1990,0
403500,700,5621,700,0
585000,1700,1156,1320,380
216000,860,9000,860,0
1.15E+06,3160,24437,2160,1000
575000,2500,30056,1840,660
430000,3000,9460,3000,0
660000,1670,8195,1670,0
338000,690,6400,690,0
400000,1240,3867,800,440
210000,900,5000,900,0
305000,2200,8100,1400,800
365000,960,223898,960,0
325000,2130,6222,1300,830
245000,2020,8800,2020,0
182000,1060,7350,1060,0
440000,1230,6600,1130,100
225000,2510,12013,2510,0
358000,2510,12013,2510,0
580000,2720,5000,1530,1190
240000,1070,8886,1070,0
700000,3580,43093,3580,0
325000,2230,8500,2230,0
488000,2500,10890,1800,700
875000,1670,4600,1670,0
615000,2150,9070,2150,0
321000,2020,4183,2020,0
1.04E+06,2230,5750,2230,0
299500,740,6300,740,0
459000,2020,9583,2020,0
435000,1730,4065,1730,0
222000,1370,8280,1370,0
485000,1210,6380,1210,0
750000,2160,2323,2160,0
266000,1550,6022,1550,0
455000,1170,6000,970,200
490000,2020,215622,2020,0
280000,1740,8625,1240,500
1.45E+06,3100,3900,2090,1010
291000,1590,24330,1140,450
745000,2400,10126,2400,0
685900,2290,9142,2290,0
160000,1610,7392,1610,0
650000,2240,9934,1490,750
250000,850,6370,850,0
265000,920,1458,920,0
599000,2590,6180,1330,1260
199950,1340,7260,1340,0
712500,2420,11201,1420,1000
490000,1420,4305,920,500
511500,1360,6000,1360,0
299000,1510,6200,1010,500
685000,2650,25248,2330,320
597000,2120,4000,1720,400
210000,1200,7200,1200,0
659000,3190,11375,2210,980
540000,1050,4160,1050,0
469000,1300,22605,1300,0
1.07E+06,3970,263538,3970,0
575000,2990,7500,1800,1190
725000,2440,7042,1640,800
299950,1170,5400,1170,0
375000,2270,18450,2270,0
342450,1280,5525,1280,0
315000,1950,3225,1950,0
328000,1930,3840,1170,760
323000,1970,7213,1170,800
320000,1820,3120,1000,820
550000,950,4080,950,0
1.65E+06,4010,16200,2090,1920
1.21E+06,4560,16643,2230,2330
1.20E+06,4560,16643,2230,2330
120000,1150,8924,1150,0
175000,1150,8924,1150,0
169900,910,5800,910,0
508000,2890,7500,1830,1060
335000,1070,6678,1070,0
613200,2050,3320,1580,470
420000,1040,3500,1040,0
1.00E+06,3320,8587,2950,370
342000,740,6180,740,0
850000,3380,90968,1690,1690
582000,1210,4141,910,300
475000,2480,6031,2480,0
570000,2010,6000,1330,680
826600,3230,5000,1750,1480
387000,1170,1394,1170,0
330000,1250,9126,1250,0
653450,2070,49658,1540,530
285000,1050,3088,1050,0
217000,1400,7800,1400,0
615000,1120,12500,1120,0
580135,3150,5886,3150,0
1.15E+06,4540,19767,4200,340
231200,1400,8821,1400,0
680000,2500,4950,2500,0
267500,1390,2153,1390,0
942000,3160,37200,2310,850
435000,1310,8065,1310,0
315000,1740,3622,950,790
354901,1490,1709,1490,0
439888,1300,6515,1300,0
360000,1460,3840,1340,120
205000,1030,6621,1030,0
299995,1970,7500,1970,0
150000,790,7275,790,0
575000,3800,33825,3330,470
625000,2168,12616,2168,0
950000,4140,13392,4140,0
278800,2440,7797,1560,880
713500,1720,4200,1720,0
1.90E+06,3020,11489,2110,910
439000,2610,5009,1710,900
425000,1500,8086,1060,440
252500,2600,11280,1570,1030
185000,1370,8470,1370,0
406550,2400,15781,1200,1200
243000,1068,1758,1068,0
500000,2220,8994,1110,1110
204750,880,7575,880,0
222000,1310,9273,1310,0
200000,1350,11507,1350,0
367000,1400,1320,1400,0
183000,1170,7320,1170,0
300000,1020,1570,720,300
369000,1300,3844,1300,0
380000,2010,16736,2010,0
463000,1590,5009,1590,0
475000,1470,9750,1470,0
225000,1580,14400,1580,0
371000,1970,9512,1970,0
625000,2330,3141,2330,0
3.20E+06,7100,18200,5240,1860
329000,1230,10725,1230,0
634000,2570,13000,2570,0
616000,3440,6915,3440,0
1.82E+06,3330,20053,3330,0
435000,1780,2684,1780,0
320000,2110,6295,2110,0
820000,2770,8049,2770,0
310000,1590,3359,1590,0
443750,1460,968,1140,320
795000,2070,13084,1700,370
475000,2420,36862,1530,890
585000,2000,3750,2000,0
315000,1010,7338,1010,0
635000,3050,7238,3050,0
305000,1160,11776,1160,0
785000,2180,5440,1100,1080
525000,1560,6000,780,780
537000,1580,3635,790,790
279950,1660,8303,1380,280
659000,2350,9329,2350,0
203000,1440,6650,970,470
782500,2930,7806,2930,0
250000,1590,7560,1130,460
279000,1400,9450,1060,340
664000,3190,12196,3190,0
2.90E+06,4580,4838,3080,1500
378500,1830,6000,1070,760
535000,2720,149410,2720,0
520000,1360,22508,1360,0
369950,1520,4000,800,720
545000,2290,14585,2290,0
360000,2150,14092,2150,0
760000,1170,7645,1170,0
450000,1830,5488,1010,820
612500,2730,12261,2730,0
280000,1090,10710,1090,0
750000,2560,9182,2560,0
237000,1160,6132,1160,0
441500,1010,4000,1010,0
251000,1650,7930,1650,0
200000,2120,31564,1220,900
332000,960,2640,760,200
401500,1509,1114,1509,0
585000,2270,27122,1300,970
340000,1954,4805,1954,0
920000,2800,7694,2800,0
153000,1270,6405,1270,0
299950,1810,7601,1080,730
440000,2410,7517,2410,0
293000,1690,17383,1690,0
203000,1190,6000,1190,0
193000,1280,6774,1280,0
305000,1460,7862,1460,0
495000,1600,6380,1130,470
420000,1770,6000,1130,640
569500,2800,8190,1700,1100
620000,2680,9185,2680,0
466000,1680,9460,1680,0
355500,1120,10032,1120,0
687500,1040,7200,1040,0
432100,1790,2240,1790,0
500000,2410,34848,2410,0
690000,3370,7313,2140,1230
350000,800,5150,800,0
268000,1380,5000,870,510
120000,990,39964,990,0
285000,1800,9229,1800,0
365000,1820,12327,1380,440
635000,2620,6842,2620,0
630000,2290,3507,2290,0
450000,2200,4466,2200,0
590000,2940,12600,1850,1090
895000,1700,3618,1260,440
160000,860,11900,860,0
520000,910,5000,910,0
432000,2820,13059,2820,0
141800,930,4743,930,0
980000,2190,4560,2190,0
1.29E+06,3430,7200,3430,0
740000,2560,6900,1480,1080
230000,770,6450,770,0
3.40E+06,5230,17826,3740,1490
954500,2440,9689,1830,610
622000,1650,3150,1650,0
90000,780,4000,780,0
342000,1260,1634,1260,0
305000,2320,4683,2320,0
259900,1560,8820,1060,500
420000,2330,6346,1600,730
250000,1400,19570,1100,300
249950,1450,6875,1450,0
199000,1140,15120,990,150
355200,1120,7320,1120,0
425000,1970,13709,1680,290
379500,1110,7128,1110,0
860000,3070,6923,3070,0
335000,1940,4927,1940,0
865000,3050,12558,3050,0
390000,1240,3600,1240,0
569950,3380,7805,3380,0
495500,3190,7828,3190,0
476500,1670,10200,1390,280
261000,1660,11200,1660,0
375000,2070,9822,2070,0
550000,2070,9822,2070,0
230000,1430,4000,930,500
526750,2270,10700,1570,700
606000,1980,7680,1070,910
368500,2500,26400,1780,720
275000,1230,171190,1230,0
342000,1390,9023,1390,0
278100,2120,8520,1600,520
450000,1540,4840,850,690
349950,2000,5006,2000,0
425000,2400,6053,2400,0
435000,2110,8751,1510,600
460000,2550,19017,1300,1250
323000,1440,8114,1440,0
325000,810,6827,810,0
480000,1170,4635,690,480
1.33E+06,3590,8400,2950,640
210000,2090,6485,1280,810
920000,3820,5750,2830,990
399000,1460,8290,1460,0
631750,2360,4063,1180,1180
184000,1100,8680,1100,0
333000,2100,7208,2100,0
218000,1310,2841,1310,0
258305,750,2964,750,0
775000,1720,5000,1720,0
515000,3370,19585,3200,170
455000,1200,1259,1000,200
440000,1830,6807,1830,0
1.44E+06,3870,3819,2760,1110
850000,2220,3707,1620,600
480000,2920,21375,1850,1070
420000,2540,27007,1520,1020
408000,1970,7100,1590,380
278000,2170,9752,1100,1070
1.20E+06,2350,1620,1560,790
454000,2630,39000,2630,0
1.85E+06,4120,14866,2070,2050
499000,2440,5000,2440,0
590000,3480,6625,3480,0
385000,1900,4805,1560,340
1.25E+06,3160,10043,3160,0
202200,1330,2159,1330,0
450000,1420,13468,960,460
435000,2570,233481,2570,0
550000,1270,43560,1270,0
361000,2470,5650,1550,920
760000,2590,12600,2590,0
902000,3030,8507,3030,0
505000,1240,4550,1240,0
200000,1040,8925,1040,0
260000,2320,6375,1270,1050
417000,1190,5100,1190,0
287500,2030,8690,1360,670
450000,1390,10530,1390,0
825000,2050,4000,2050,0
1.48E+06,3050,6179,2330,720
319950,1240,5500,1240,0
682000,3030,30000,3030,0
560000,1930,6000,1130,800
350000,1490,10344,1490,0
270000,1510,10215,1510,0
284000,1320,35100,1320,0
308000,2330,4606,2330,0
450000,2240,7725,1120,1120
540000,2050,34222,2050,0
380000,1680,11123,1130,550
522500,2200,122403,2200,0
118000,670,7957,670,0
280400,1730,7210,1010,720
710000,2710,41811,1690,1020
720000,3410,25741,3410,0
787000,1330,7500,1330,0
537000,1990,2660,1990,0
650000,1900,4450,1500,400
154200,1310,8640,910,400
238000,1690,7260,1080,610
285650,1040,8199,1040,0
485500,1340,1286,1190,150
315000,1120,7350,1120,0
4.67E+06,9640,13068,4820,4820
627000,2310,10525,2310,0
525000,2190,34528,2190,0
526000,1220,1281,930,290
480000,1200,3060,1060,140
970000,3840,53696,3840,0
640000,2460,9973,1560,900
279000,1630,7950,1320,310
303000,970,9750,970,0
315000,1780,5336,930,850
336500,1760,7268,1080,680
163250,770,8150,770,0
444950,1760,6927,1050,710
285000,990,2446,990,0
370000,1250,4960,940,310
330000,1440,5150,1440,0
395000,1960,4018,980,980
440000,2510,5310,1460,1050
625000,2920,6605,2920,0
435000,1730,46638,1730,0
299950,1570,2577,1570,0
560000,970,4233,970,0
380000,2800,9764,2800,0
333000,1580,7800,1580,0
499000,1220,3000,920,300
386000,1550,8000,1330,220
320600,1220,7620,720,500
285000,1651,18200,1651,0
450000,3150,7800,3150,0
175000,800,7150,800,0
544800,3190,5857,3190,0
220000,1720,7587,1140,580
374000,1100,1695,1100,0
200000,1010,7896,1010,0
259950,1010,7896,1010,0
255000,1760,9222,1140,620
447000,1400,6750,1040,360
287000,1820,8722,1820,0
344950,1470,6950,1470,0
212000,770,7000,770,0
425000,1340,11583,1190,150
170000,480,4560,480,0
565000,1260,4080,1260,0
234000,870,11100,870,0
1.51E+06,4010,12105,2600,1410
345000,2340,8414,1280,1060
415000,1770,3172,1770,0
760000,2660,10637,1670,990
484000,3600,20001,3600,0
360000,1230,1107,1230,0
875000,3270,39586,3270,0
930000,3100,20553,3100,0
250000,1900,6660,950,950
394000,1750,2731,1750,0
865000,3380,11270,2160,1220
477500,2090,6000,2090,0
1.25E+06,4120,12500,2060,2060
270000,1260,7500,840,420
567000,1800,6875,1230,570
635000,1960,7200,980,980
1.87E+06,4460,6952,3460,1000
183000,1330,9200,1330,0
309933,1820,78408,1220,600
945800,3360,9100,1760,1600
503000,2860,59612,1510,1350
220000,1460,10200,1460,0
335000,1900,36769,1900,0
650000,1790,9927,1240,550
511000,3100,7600,3100,0
275000,900,57063,900,0
576250,1530,5000,1260,270
1.45E+06,2070,3128,1760,310
186000,1340,4320,920,420
655100,1220,4160,1220,0
328000,2370,6500,2370,0
441000,1890,11036,1460,430
370000,1480,7725,1480,0
630000,1050,8382,1050,0
470500,2070,14000,1720,350
285950,1170,6000,1170,0
698000,1090,7200,1090,0
268000,1650,6684,1650,0
1.63E+06,4410,8112,3570,840
355000,1780,15000,1780,0
299000,1550,8778,1250,300
1.00E+06,2290,6120,2170,120
275000,2220,8229,2220,0
475000,1150,10240,1030,120
260000,2000,37045,2000,0
416000,1270,7560,1270,0
495000,1810,11205,1810,0
357500,1450,8100,1450,0
459500,1170,1079,1170,0
258000,1730,6930,1730,0
600000,2680,98445,2680,0
665000,1260,24550,1260,0
165000,1020,10152,1020,0
297000,1970,8605,1970,0
350000,830,5100,830,0
2.45E+06,5030,11023,3250,1780
180000,800,9450,800,0
339950,1330,12092,720,610
365000,1030,4700,1030,0
955000,5660,193593,4100,1560
732000,2330,1987,1410,920
500000,1540,10800,770,770
610000,2040,8560,1100,940
525000,1540,7800,1540,0
170000,1920,13787,1220,700
300000,1870,3439,1870,0
389500,2960,12527,1940,1020
330000,1690,10250,1690,0
269950,1610,7187,1610,0
107000,670,4720,670,0
249000,1752,14626,1752,0
442500,1540,5920,1540,0
579000,3160,286181,3160,0
621500,2570,39634,2570,0
203000,1370,7500,1080,290
222900,860,5800,860,0
453000,1680,17400,1680,0
190000,930,29258,930,0
320000,1820,7381,1150,670
733500,2120,4370,2120,0
555000,3330,21785,3330,0
364950,2520,6170,1850,670
490000,1560,9247,1160,400
688000,2250,13526,1350,900
165000,640,7768,640,0
506000,3880,8370,3880,0
2.19E+06,3360,7108,2770,590
754000,2350,7800,1510,840
949950,2340,1989,2340,0
443600,1430,1056,1430,0
380600,1920,12244,1920,0
722800,4330,14600,3630,700
342888,790,5150,790,0
555000,2350,5946,1350,1000
613000,1350,3068,1350,0
480000,1470,10052,1470,0
619500,1680,5202,1680,0
437000,1890,8505,1290,600
621000,2030,9905,2030,0
810000,1760,4080,1760,0
415000,1950,8868,1350,600
250000,1440,7404,1080,360
585000,2230,6000,1260,970
220000,1180,5002,1180,0
580000,2500,11900,1400,1100
1.32E+06,2680,20104,1820,860
675000,2040,9225,1610,430
695000,2660,7389,2660,0
915000,2580,7630,1730,850
375000,1000,6947,1000,0
500000,1330,1265,1140,190
335000,1420,5185,1420,0
170000,1280,21750,1280,0
320900,2200,8500,1400,800
508000,1800,8462,1440,360
228950,1200,9085,1200,0
433000,1840,4760,1080,760
267500,960,5150,960,0
910000,2890,9000,2090,800
370000,1290,10117,1290,0
320000,1140,3834,1140,0
660000,1750,5200,1750,0
787888,2580,21115,2580,0
329000,2650,5880,2650,0
602000,1470,6398,970,500
375000,1640,9750,1640,0
212000,620,7620,620,0
224000,1440,8370,1440,0
315500,1160,10079,1160,0
350000,1070,2880,1070,0
389000,3560,14010,3560,0
285000,1720,13104,1720,0
425000,1530,9800,1530,0
190000,1270,7875,1270,0
374000,1510,18439,1510,0
292000,880,5500,880,0
475000,2020,5100,1320,700
546500,1410,2675,820,590
82000,860,10426,860,0
219900,860,10426,860,0
440000,1210,5750,1210,0
400000,2090,32718,1550,540
453000,1430,20193,1430,0
330000,2120,6893,1060,1060
359950,2540,8604,2540,0
616000,2490,12929,2490,0
245000,670,2356,670,0
296000,1320,2040,1320,0
193000,950,9000,950,0
456000,1870,8442,1060,810
480000,1840,9250,980,860
382000,1410,1253,1410,0
650000,1050,2542,880,170
431750,1400,10052,1400,0
419900,1630,1755,1320,310
315000,1900,9513,1900,0
597500,1890,35280,1510,380
615000,2980,43301,1930,1050
605000,2885,33671,2885,0
220000,1980,11900,1980,0
340000,3020,8750,1710,1310
620000,2980,210395,2980,0
602000,3290,11900,3290,0
575000,1580,11750,1180,400
285000,2090,10834,1360,730
306500,1100,8140,1100,0
325000,1870,3480,1870,0
623000,2390,21804,1450,940
256500,1320,8568,1320,0
473000,3430,6872,2830,600
549000,2250,9235,2250,0
305000,1710,19115,1710,0
317000,2160,8049,2160,0
450000,1400,13775,1400,0
225000,1560,5333,780,780
500000,2300,7897,2300,0
207000,820,4860,820,0
474900,1630,8308,1630,0
515000,2010,7200,2010,0
542000,1540,5000,1090,450
725000,2420,10962,1530,890
314950,1690,4533,1690,0
375000,1410,10078,1410,0
500000,1640,47044,1640,0
689000,2200,9840,1500,700
525000,1290,1182,1000,290
360000,1060,6232,1060,0
425000,1240,5750,1240,0
239950,1280,5500,1280,0
577500,2330,3000,2330,0
615000,2360,7291,1360,1000
516000,2210,10800,1170,1040
1.22E+06,3670,15400,3670,0
1.66E+06,3080,4815,2300,780
315000,770,6731,770,0
250000,2600,9000,1410,1190
250000,1220,4900,1220,0
925000,2910,48351,1910,1000
358000,1150,4681,1150,0
262000,1700,6200,1700,0
500000,1220,7370,1220,0
1.30E+06,1670,6400,1670,0
500000,2420,65501,2420,0
675000,2610,9002,2610,0
235000,960,5030,960,0
545000,960,5030,960,0
350000,1010,9360,1010,0
320000,1550,1827,1550,0
452000,5067,13315,3154,1913
875000,2350,6000,1990,360
325000,1310,2998,1310,0
756000,2160,5600,1080,1080
319000,2510,7992,1610,900
455000,890,3800,750,140
330000,1129,3840,1129,0
510000,1980,9988,1340,640
532000,2360,5012,1560,800
775000,2480,5007,1960,520
410000,2160,4000,1080,1080
205000,1740,5100,580,1160
585000,2430,6766,2430,0
255000,1950,8200,1950,0
415000,910,3750,910,0
459000,2360,7080,1180,1180
354000,1130,11250,1130,0
587000,2150,5193,2150,0
782000,5270,53428,3440,1830
570000,1300,7287,1300,0
414500,1050,6002,840,210
185000,1380,6700,1190,190
262500,1610,10291,1610,0
370000,3150,67518,2250,900
362500,1520,9507,1520,0
536000,1990,7397,1990,0
425000,2500,7804,1570,930
435000,1890,7200,1230,660
435000,1840,9240,1540,300
400000,1220,6300,760,460
446000,1370,1221,1080,290
1.25E+06,2710,13120,2710,0
300000,1760,5421,1760,0
404500,800,5080,800,0
910000,3530,49222,3530,0
771000,1780,6120,1390,390
335000,2610,4781,2610,0
390000,1850,15170,1850,0
288000,1560,9706,1560,0
403000,1270,10790,1270,0
510000,1420,1309,1420,0
751000,2880,6800,2880,0
408000,1420,8000,1420,0
1.01E+06,1640,12855,1500,140
575000,1730,9030,1730,0
330000,1250,8100,1250,0
565000,1520,1221,1520,0
456000,1820,2935,1820,0
652500,2700,9122,2700,0
582000,1820,3140,1820,0
700000,2770,5686,2770,0
235000,1270,9182,1270,0
460000,1400,12155,1400,0
475000,1820,8008,1240,580
579000,1870,6275,1870,0
507000,1360,2746,1360,0
210000,1040,2643,720,320
359500,2140,10316,2140,0
248000,1330,9831,1330,0
239300,1070,5750,1070,0
315000,1370,1533,1370,0
970000,3510,12410,3510,0
510000,1730,6240,1000,730
418000,1550,9176,1000,550
699000,3280,27441,3280,0
871000,2150,8536,1400,750
515000,1580,9147,1210,370
400000,1460,43000,1460,0
445000,1410,5100,1110,300
1.11E+06,3090,6600,1800,1290
212000,1690,9600,1210,480
710000,2870,11304,2870,0
225800,1100,7110,880,220
520000,2310,36665,1580,730
1.30E+06,3490,15246,1940,1550
248000,2080,13510,1040,1040
556000,2230,7200,1220,1010
319950,1710,11900,1070,640
320000,1640,3000,1000,640
245000,1600,2788,1600,0
700000,2850,36585,2850,0
628000,2600,8160,2600,0
640000,1380,4800,1380,0
420000,1320,4978,940,380
349950,1420,1162,1420,0
307999,2420,8438,2420,0
749950,2600,6050,1960,640
290000,840,3844,840,0
235000,1420,7920,1420,0
225000,1790,6120,1790,0
302100,1790,6120,1790,0
520000,1340,6380,890,450
285000,1010,7200,1010,0
525000,1640,15258,1640,0
374900,2980,8500,1540,1440
377500,1370,7200,1130,240
587450,2190,8775,2190,0
245000,1530,12000,1070,460
200000,1290,5757,1290,0
2.14E+06,5150,453895,4360,790
607000,2470,9226,2470,0
1.25E+06,1810,5070,1230,580
549950,2230,14694,1180,1050
250000,2300,7701,2300,0
525000,2030,6970,2030,0
440000,2000,9900,1480,520
425000,3610,107386,3130,480
739900,3290,5029,3290,0
315000,1300,3731,900,400
340000,1880,3774,1360,520
366000,2170,9743,2170,0
315000,1680,7250,930,750
299000,1190,9135,1190,0
350000,940,5000,940,0
340000,1010,1461,670,340
460000,1290,8580,1290,0
224000,1480,10588,1480,0
140000,900,6400,900,0
246000,1400,7632,1400,0
330000,2040,14071,2040,0
306000,1450,7200,1010,440
324950,1210,7440,1210,0
345000,1800,26615,1240,560
207000,1490,8995,1490,0
238000,1240,5700,1240,0
695000,2632,18743,2632,0
649950,2150,15304,2150,0
515000,1710,9448,1010,700
452000,1530,5032,1530,0
236000,1630,3060,1630,0
1.29E+06,4080,14450,3210,870
563000,2340,16500,1500,840
410988,1000,14061,1000,0
339950,2290,8319,2290,0
1.20E+06,3180,13118,3180,0
340000,2170,19785,2170,0
808100,3020,13457,3020,0
236000,1330,6301,1330,0
330000,1720,8300,1720,0
799990,2540,5808,1820,720
240000,1810,5669,1810,0
343000,1410,18600,1410,0
332000,1530,9406,1270,260
945000,4380,14925,4380,0
239950,1140,8366,1140,0
674000,2110,5000,1250,860
200000,1050,5000,1050,0
453000,1600,7232,1600,0
330000,1430,8865,1430,0
285000,1996,4547,1996,0
338000,1530,8152,910,620
264950,1000,6000,1000,0
880000,2530,10800,1350,1180
209500,970,5488,970,0
380000,2400,9398,1310,1090
336500,1830,12891,1830,0
360000,2130,8466,1290,840
911100,3330,33826,3330,0
249900,560,7560,560,0
175000,1210,6250,1210,0
549950,2380,2500,2380,0
225000,1370,10866,1370,0
270000,1370,10866,1370,0
400000,1740,11040,1740,0
299800,790,5240,790,0
555000,2480,8676,2480,0
230000,1920,9180,1920,0
360000,2750,6259,2750,0
415000,880,3200,880,0
355000,2160,8000,1660,500
635000,2570,27972,2570,0
353000,2130,5000,1100,1030
999000,3150,34830,3150,0
265000,1780,10196,1270,510
250000,1910,8250,1910,0
225000,1170,7142,1170,0
553000,900,5000,900,0
565000,2650,11455,1400,1250
312000,1170,5150,980,190
475000,2630,185130,2630,0
320000,2150,9163,1340,810
453000,1430,9583,1430,0
320000,960,6180,960,0
610000,2640,8400,1440,1200
385000,1490,9630,1490,0
215000,1210,8075,1210,0
215000,1860,5040,1860,0
415000,1980,4274,1980,0
350000,900,6380,900,0
395000,900,6380,900,0
898000,1490,9874,1490,0
480000,2980,7338,2980,0
1.24E+06,2660,1973,1870,790
599000,2790,230868,2790,0
770000,2800,9127,2800,0
1.21E+06,1590,8520,1590,0
1.59E+06,3240,11131,2080,1160
880000,2130,35169,2130,0
332000,1510,7884,1510,0
445000,1750,7200,1750,0
849000,4010,87555,4010,0
752000,1650,2970,1650,0
450000,4050,6504,4050,0
420000,1320,5500,1320,0
330000,2310,6320,2310,0
409000,1440,9065,1440,0
350000,2330,14322,1180,1150
570000,2430,44001,2430,0
315000,1390,8333,1390,0
224000,1150,15000,1060,90
293550,2120,9706,1370,750
350000,2300,3175,1340,960
1.11E+06,3320,9380,3320,0
442500,2400,7092,2400,0
616500,3580,118047,3240,340
506400,2100,9040,1700,400
324000,1550,4411,1550,0
169000,1570,6450,1570,0
595000,1480,5000,750,730
299900,2720,6014,2720,0
332000,2270,8876,1380,890
432000,2410,8400,1600,810
510000,2730,9112,1740,990
270000,1540,7739,1540,0
750000,3120,15593,3120,0
509250,1480,3120,930,550
189000,860,5200,860,0
726500,2180,3893,2180,0
287000,1300,11374,1300,0
679000,3420,49223,3420,0
316000,2130,8721,1570,560
498000,2300,22445,2300,0
448000,2560,8270,1480,1080
535000,1040,5527,1040,0
560000,3080,9601,3080,0
437850,2670,14255,1610,1060
435000,3270,50994,2720,550
510000,2610,8031,2610,0
520000,2460,54885,2460,0
509000,1930,3521,1930,0
575000,1220,5652,1220,0
365000,2030,7210,1330,700
795000,2420,17859,1500,920
285000,1870,4060,1870,0
955000,3020,43560,2720,300
775000,2880,8400,2050,830
400000,1810,5012,1810,0
570000,2590,8483,2590,0
955990,3830,6507,3830,0
1.15E+06,3250,34848,2260,990
459950,2760,21465,2120,640
245000,1220,8382,1220,0
281000,1280,974,1280,0
205000,770,7000,770,0
290000,1520,15090,1520,0
635000,2080,11176,2080,0
310000,570,6000,570,0
470000,1500,3659,830,670
600000,2510,14878,2510,0
279000,1980,10051,1980,0
538500,2500,4270,2500,0
594950,2720,10006,2720,0
533050,910,295772,910,0
510000,1480,7040,1480,0
360000,2470,8686,1270,1200
435000,1650,5106,1090,560
559000,1700,6500,1700,0
645000,1995,115670,1995,0
340000,1280,9690,640,640
565000,2980,10459,2980,0
575700,1730,6130,1480,250
1.01E+06,2420,1923,1840,580
540500,2800,185130,2320,480
265000,1400,8580,900,500
699950,2070,7830,1180,890
355000,750,20339,550,200
381000,1460,11407,1460,0
564000,2140,8700,1220,920
114975,740,6250,740,0
325000,410,8636,410,0
299990,1570,125452,1570,0
751000,2860,5280,2860,0
425000,1400,6970,1400,0
665000,2700,5040,1560,1140
833450,4460,269345,3330,1130
575000,2670,11250,2320,350
190000,1520,9600,1520,0
314950,1520,9600,1520,0
601150,1660,5200,1120,540
315000,860,8308,860,0
545000,2340,13380,1280,1060
565000,2110,10698,2110,0
175000,1010,7034,1010,0
530000,2330,26571,2330,0
4.49E+06,6430,27517,6430,0
430000,1610,7900,1310,300
225000,1460,8372,1460,0
312000,2900,9779,1950,950
380000,1260,7980,1260,0
222200,1210,10000,1210,0
1.44E+06,3420,8000,3420,0
329950,2120,4558,2120,0
995000,2460,10300,2460,0
929950,3790,10829,3790,0
692000,2350,9779,2350,0
402000,620,2475,620,0
510000,1920,43560,1340,580
249000,1050,8498,1050,0
244900,1360,9980,1360,0
289900,1180,7068,1180,0
552500,1560,7980,1170,390
760000,3300,165528,3300,0
440000,1100,1088,750,350
286000,1770,9000,1090,680
260000,1200,4592,800,400
355000,1330,10838,1330,0
318000,1570,12506,1570,0
255000,1610,19965,1610,0
139000,1100,17334,1100,0
485000,1810,7068,1810,0
549950,2930,266587,2440,490
588000,1780,4200,1780,0
975000,3050,7410,1950,1100
402000,1540,1827,1540,0
245000,1380,9875,1380,0
445000,1890,32340,1890,0
195000,1570,8459,1570,0
385000,2540,11750,1480,1060
450000,1520,7903,1000,520
1.09E+06,2780,6837,2780,0
396675,1730,6375,1730,0
242000,2340,7494,1170,1170
380000,1300,12378,1300,0
496000,1420,4635,1420,0
399950,1470,4488,1470,0
895000,2850,8526,2850,0
690000,2360,6149,1560,800
270000,1610,8375,1610,0
349900,2420,38781,1210,1210
454280,1470,1741,1170,300
390000,1410,26375,1410,0
275000,1840,14005,1840,0
300000,2450,8932,2450,0
700000,1500,6000,850,650
520000,2080,6609,1280,800
715000,2770,39529,2770,0
404000,2370,4324,2370,0
490500,3000,21883,1970,1030
1.49E+06,4430,6440,2680,1750
557800,1550,6000,1550,0
571000,2290,9900,1550,740
410000,2560,4020,2560,0
225000,1240,5506,1240,0
700000,2590,4498,2590,0
500000,1370,3500,1370,0
536500,1360,1860,680,680
330000,2060,25046,1600,460
249950,1120,15210,1120,0
249000,1630,8410,1630,0
249000,1590,7535,1590,0
780000,2480,9195,1390,1090
1.20E+06,2700,4275,2700,0
434500,1930,7210,1110,820
590000,2490,339332,2490,0
417200,1000,4000,1000,0
649990,2130,11900,2130,0
506000,1060,3588,960,100
348000,1730,4004,1730,0
301000,2810,6146,2810,0
427550,880,4000,880,0
361000,1040,6720,1040,0
460000,1830,8107,930,900
958000,1800,6400,1800,0
445000,2460,6846,1340,1120
373000,1670,3565,1670,0
525000,2660,7957,1750,910
364988,2850,12593,2850,0
324000,820,8370,820,0
625000,2350,5627,1490,860
237500,1480,7830,1480,0
429300,2930,15949,1730,1200
155000,1250,6250,1030,220
614000,2760,8160,1780,980
650000,2380,3332,2380,0
625000,1730,12219,1730,0
587100,1670,6414,1670,0
380000,2150,37647,2150,0
479500,930,5760,730,200
382888,620,2380,620,0
540000,1960,3565,1960,0
691000,2550,8632,1700,850
760500,1990,3990,1130,860
685000,3550,10968,3550,0
199129,860,33664,860,0
335000,2031,7702,2031,0
305100,1590,35988,1590,0
830000,3010,12202,3010,0
810000,2610,8481,2610,0
500000,1440,15661,1180,260
490000,1920,5405,960,960
490000,1670,4200,1670,0
272000,1390,10660,1030,360
280000,2140,7200,2140,0
233000,1250,6180,1250,0
275000,1080,6000,1080,0
375000,2760,6420,2110,650
445000,2180,3703,2180,0
437500,1260,1125,1260,0
426250,1610,6000,1510,100
358000,2450,12497,2450,0
1.18E+06,4150,49503,4150,0
305000,960,8276,960,0
415000,1340,4664,1340,0
520000,3000,4960,2400,600
733000,3080,5974,3080,0
411500,1130,8159,1130,0
540000,2280,16671,1760,520
270500,1952,8613,1652,300
422250,1280,1256,1200,80
655000,3690,12353,3690,0
1.20E+06,4610,10576,3310,1300
550000,2920,169448,2920,0
460000,1230,929,1020,210
159075,1580,6200,790,790
470000,1220,4000,1220,0
235000,1020,7920,1020,0
309950,1510,9843,1510,0
433000,1830,9600,1010,820
895000,2750,10000,1650,1100
291000,1860,60960,1140,720
835000,2720,13124,2720,0
640000,1360,5000,1200,160
438000,2340,14279,1340,1000
540000,2600,9935,2600,0
325000,2090,7434,1090,1000
380000,2260,7200,1360,900
510000,1390,5544,930,460
380000,2300,7707,2300,0
825000,2810,9800,1710,1100
880000,4060,52707,4060,0
1.80E+06,2790,13295,2370,420
790000,1290,6380,1290,0
287000,720,4346,720,0
509000,2130,5000,1570,560
270000,1750,8400,1350,400
210000,960,9380,960,0
415000,1570,11752,1570,0
550000,3070,14400,1720,1350
1.25E+06,2920,5500,2030,890
499950,1870,4984,1120,750
659000,1540,5040,1540,0
265000,1440,22081,1440,0
492000,2810,10840,2070,740
715000,2450,7700,1250,1200
175000,1330,28270,1330,0
975000,3130,52322,2430,700
306950,730,5005,730,0
630000,2480,3680,1470,1010
367500,1270,8792,1270,0
699950,2230,5460,1430,800
1.00E+06,2880,3750,2220,660
285000,2434,4400,2434,0
215000,1120,1312,1000,120
1.05E+06,4080,11054,4080,0
1.37E+06,3720,9450,1960,1760
235000,1430,7599,1010,420
604000,1560,2589,790,770
750000,1700,8400,1460,240
800000,2510,9963,2200,310
580000,2600,3750,1400,1200
350000,790,4590,790,0
353750,1710,7490,1320,390
1.10E+06,2660,8737,1470,1190
465000,1470,10291,1470,0
568000,2350,5080,1780,570
1.01E+06,2440,3080,2440,0
213500,1150,11571,1150,0
250000,1510,10384,1030,480
357000,870,4600,870,0
425000,1280,4095,1280,0
571000,2600,7465,2600,0
588000,2030,7350,1190,840
275000,1930,15531,1930,0
565000,3210,15939,3210,0
460000,1970,9135,1370,600
603500,4060,9734,2150,1910
490600,3316,11447,3316,0
1.01E+06,1460,9052,1460,0
500000,2100,12620,2100,0
249000,1830,6136,1830,0
235000,1530,8700,1530,0
410000,1490,13736,1490,0
370000,860,6050,860,0
360000,2130,7111,1330,800
1.41E+06,3580,16789,3580,0
298000,2420,3825,2420,0
485000,1900,7200,1370,530
400000,1330,9143,1330,0
580000,2150,4604,2150,0
355000,1370,1140,1080,290
650000,2430,12997,2430,0
261490,1640,8467,1220,420
347000,1010,7200,1010,0
485000,1500,4100,1370,130
601000,1740,1251,1180,560
380000,2090,51212,1510,580
565000,1850,12556,1850,0
750000,2790,21043,2790,0
291000,1480,7200,1190,290
560000,2280,12498,2280,0
725000,3180,9600,3180,0
539000,2350,209088,2350,0
470000,3910,7077,2710,1200
264950,770,7434,770,0
200000,1780,8000,1080,700
453500,2300,23345,1170,1130
811000,2510,17986,2510,0
425000,1410,1350,1410,0
1.53E+06,4250,16940,2380,1870
562000,2560,83200,1860,700
281000,1760,7601,1760,0
270000,2100,14027,2100,0
205950,1490,8239,1490,0
310000,870,5400,870,0
350000,1260,1111,1260,0
843500,2630,16475,2630,0
370000,1950,3757,1160,790
279000,2200,7700,1100,1100
408000,1600,313672,1600,0
392000,1230,9600,1230,0
455000,1030,5000,1030,0
310000,1040,83199,870,170
323500,2240,11536,2240,0
364500,1600,4489,800,800
280000,2190,14439,1180,1010
289900,1899,11325,1899,0
585000,1870,2807,1580,290
269000,1730,6653,1360,370
280000,1860,9210,1860,0
287000,1940,9000,1290,650
183000,670,5140,670,0
309000,1820,8142,1040,780
920000,3810,13579,3810,0
815241,2060,4800,2060,0
405000,1520,7252,1140,380
525000,3450,19080,3450,0
150000,830,4045,830,0
240000,1880,9600,1020,860
698000,2200,11250,1300,900
440000,1800,10950,1800,0
204000,1200,12500,1200,0
875000,2220,6641,1220,1000
650000,1380,4500,1380,0
392500,1660,8839,1660,0
400000,2320,4000,1310,1010
653000,2800,17300,1420,1380
452000,1210,3760,1210,0
345000,2331,3826,2331,0
350000,1820,6930,1320,500
650000,2860,5576,2860,0
525000,2750,3800,1750,1000
840000,2750,3800,1750,1000
1.33E+06,2280,5000,2280,0
259950,1610,6650,1610,0
998000,3760,10207,3150,610
1.07E+06,2940,4622,2230,710
1.91E+06,4460,6833,3140,1320
190500,1110,1150,940,170
465000,2560,117176,1280,1280
370000,1060,7419,1060,0
290000,2810,11214,2010,800
350000,1380,4590,930,450
740000,1380,4590,930,450
460000,2560,8400,1970,590
290000,1010,10800,1010,0
475000,1790,229125,1790,0
214000,1600,2231,1600,0
455000,910,5759,910,0
275000,2497,4400,2497,0
305000,1800,12196,1800,0
449000,2570,61855,1470,1100
366000,1320,4320,660,660
348000,1670,5090,1670,0
515000,2800,21370,2800,0
950000,3360,11548,3360,0
815000,2590,21494,2590,0
199950,1530,2132,1530,0
386000,1330,8100,1330,0
273000,2160,7964,2160,0
284000,1830,6360,1830,0
399950,1470,7930,1070,400
285000,1150,6423,590,560
315000,1790,6452,1790,0
250000,1700,7700,1120,580
290000,1630,7618,1630,0
725000,3420,30410,3420,0
410000,1650,9641,1650,0
855000,2810,52062,2810,0
399900,2710,8127,2710,0
852600,3320,11901,2650,670
235000,720,6321,720,0
230950,930,12724,930,0
230000,1490,8722,1490,0
404763,1690,1609,1150,540
245000,1720,3407,1720,0
188000,1140,8500,1140,0
626100,2280,7219,2280,0
428750,1100,4080,900,200
522000,1800,8623,1360,440
684000,2500,8434,2500,0
1.07E+06,2950,7232,1520,1430
611206,1940,6300,1940,0
350000,1280,5250,1140,140
894000,3800,22029,3800,0
420000,930,5368,930,0
400000,1930,9747,1020,910
675000,2980,28000,1820,1160
426000,2800,8494,2800,0
750000,3190,11597,2300,890
368000,1710,10800,1710,0
342000,1980,6450,1120,860
700000,1910,4800,1080,830
848750,3160,5000,3160,0
720000,1590,5200,1320,270
525000,1890,8549,1890,0
397900,2500,35245,1580,920
405000,1740,18000,1230,510
392800,1080,11856,1080,0
394999,1730,7800,1330,400
340000,2480,6112,2480,0
482500,1450,1445,980,470
812500,2750,10159,2750,0
450000,2820,10208,1410,1410
398000,1830,27468,1830,0
1.08E+06,1550,1767,1550,0
540000,1640,3021,840,800
275000,1720,5472,860,860
780000,2880,12000,2880,0
225000,1220,8345,1220,0
503045,1560,2250,1560,0
249000,1090,1357,1090,0
569950,1140,5940,1140,0
450000,1040,1377,1040,0
1.10E+06,2580,6000,1300,1280
700000,2310,3570,1490,820
454000,1590,4094,1590,0
555000,1270,9170,1270,0
214000,1240,5200,1240,0
590000,2210,8622,2210,0
459900,2340,51836,1510,830
205000,1420,5000,920,500
390000,1430,9857,1140,290
970500,2470,10125,2470,0
790000,2390,15084,2390,0
320000,1120,10576,1120,0
552500,2700,4025,1760,940
1.05E+06,3490,4500,3170,320
230000,1640,7187,1640,0
680000,1620,5500,1110,510
985000,1670,5400,1670,0
375000,1870,7471,1870,0
431000,1300,4000,1300,0
463000,2190,17108,2190,0
350000,1320,10500,1320,0
485000,1250,7200,1250,0
355000,2040,15000,1360,680
603500,2140,7280,1070,1070
860000,2510,6000,2010,500
259875,2200,6250,2200,0
685000,2170,8680,1220,950
382500,2980,8786,2980,0
490000,1180,2250,1180,0
229000,1540,6000,1540,0
430000,1540,6000,1540,0
580000,3110,15783,1720,1390
510000,1370,6700,1370,0
489990,2440,20828,2440,0
440000,1760,1800,1330,430
479950,2810,4984,1750,1060
806000,2500,206474,2500,0
875000,3220,22588,3220,0
710800,2880,36820,2880,0
565000,2700,6037,2700,0
359999,2680,9624,1870,810
625000,1780,4500,920,860
349950,2240,7565,2240,0
415000,1610,9600,1610,0
435000,1440,1170,960,480
225000,1550,9060,1550,0
770000,1720,5000,1720,0
340000,1740,10800,1740,0
965000,3280,12673,2050,1230
667000,2216,31215,2216,0
250000,1100,4373,820,280
397990,1180,11862,1180,0
535000,2020,10031,1370,650
265950,1150,8450,1150,0
258000,2090,7461,1200,890
505500,1300,1187,1300,0
455000,2240,7770,1340,900
1.35E+06,3540,5971,2000,1540
600000,2840,31720,1780,1060
329800,2080,7047,2080,0
222000,1550,38449,1550,0
450000,1900,9240,1900,0
952000,2760,4500,2120,640
625000,1410,4480,1410,0
226800,1240,11393,1240,0
1.21E+06,4420,13497,3510,910
350000,3390,16153,1970,1420
395000,1400,8640,1400,0
285000,2110,5260,1670,440
553000,1310,18135,1310,0
254000,1270,16800,1270,0
348140,2060,10880,1190,870
354950,2530,7350,1280,1250
706000,1900,6400,1410,490
499000,2910,6479,2910,0
427500,1900,43186,1300,600
439000,2880,10000,1980,900
545000,2820,25995,2820,0
842000,1620,4774,1620,0
685000,3320,38043,3320,0
665000,3770,47480,3770,0
255000,1200,9000,1200,0
565000,2130,4360,1240,890
274000,1950,8720,1050,900
260000,1920,8075,1510,410
581000,2510,13695,1280,1230
625000,1990,5978,1990,0
220000,1230,9720,1230,0
765000,3190,324086,3190,0
1.33E+06,5720,10213,4170,1550
700000,2280,3000,1210,1070
351000,1550,7260,1550,0
413565,1690,1613,1150,540
363000,1651,1779,1341,310
679000,2260,41236,1690,570
473000,1510,4555,1510,0
585888,1490,7431,1490,0
405000,2220,4652,2220,0
650000,2800,19386,1400,1400
415000,2210,213008,1210,1000
575000,2150,3880,1080,1070
220000,1400,7205,1140,260
610000,2450,10117,1580,870
499950,980,6380,760,220
883000,2800,6874,2170,630
436000,1240,8100,1240,0
320000,1610,1356,1240,370
425000,1510,44000,1240,270
204700,1670,9987,1670,0
384000,2320,4502,1200,1120
314000,1900,8200,1900,0
535000,2390,6263,2390,0
568000,2110,265716,2110,0
426000,1470,5850,810,660
675000,2670,6780,1630,1040
380000,2540,6365,1870,670
685000,3450,8000,2970,480
429000,1700,52826,1700,0
799000,1810,6583,1500,310
318500,1550,6986,1030,520
925000,4110,20900,2630,1480
420000,2080,5000,1300,780
570000,1100,4000,1100,0
1.05E+06,3950,12840,3950,0
333000,1250,8450,1250,0
1.36E+06,2620,14138,2120,500
660000,2290,2798,2290,0
350000,3500,8504,3500,0
682500,3500,8504,3500,0
399990,1690,4000,970,720
860000,4500,9648,3000,1500
216180,1120,7797,1120,0
300000,1740,9613,1740,0
145000,1010,11880,1010,0
255000,1010,11880,1010,0
250000,1200,24805,1200,0
245000,1020,8625,1020,0
445000,1850,7056,1850,0
562000,1830,8000,1830,0
501000,2070,7519,1160,910
190000,1160,5850,1160,0
862500,3280,24440,3280,0
1.09E+06,2340,6000,2340,0
575000,3690,49709,2690,1000
250000,720,123710,720,0
310000,2660,15111,2660,0
1.40E+06,4300,9270,2910,1390
284850,1590,8256,1090,500
570000,2590,7910,2590,0
304000,1720,6000,1000,720
560000,1790,9787,1240,550
325000,1590,8160,1090,500
557510,1580,4800,1580,0
305000,2580,8820,1620,960
320000,1740,27350,1740,0
455000,3470,28212,2790,680
383001,1180,7210,1180,0
545000,1700,51649,1700,0
487500,1190,5000,1190,0
345000,2450,6994,2450,0
583000,2630,16411,1650,980
534950,2130,12286,2130,0
403504,1060,5750,950,110
500000,1480,6120,1480,0
319502,1610,38707,1610,0
525000,2440,5080,1750,690
563000,3100,15480,2400,700
898500,2890,5000,1990,900
651000,3240,108366,3240,0
450000,2900,6400,2040,860
665000,2650,8149,1610,1040
825000,2560,4000,1610,950
200000,1150,4800,1150,0
295000,1760,6092,1760,0
748000,3220,8379,3220,0
580000,3200,18750,2660,540
275000,1250,10744,1250,0
196000,1000,8470,1000,0
235750,740,11250,740,0
315000,2170,8480,2170,0
338000,2370,10631,2370,0
353000,2300,4249,2300,0
235000,1400,6300,1400,0
569999,3080,13880,3080,0
505000,2350,12540,2350,0
1.23E+06,2660,4600,1820,840
299000,1250,34395,1250,0
240000,1100,6360,1100,0
1.96E+06,3330,12566,1940,1390
1.27E+06,3640,3604,1960,1680
405000,1350,2653,1350,0
304000,1310,8454,1310,0
272000,1800,5555,1800,0
412000,1260,3960,690,570
698000,2990,7231,2990,0
400000,1140,5100,1140,0
305000,2100,6825,2100,0
585000,2400,12753,2400,0
190000,1400,9031,960,440
760000,2990,12788,2990,0
570000,1930,36210,1930,0
144000,980,6800,980,0
139000,690,5280,690,0
525000,1430,6380,1130,300
293000,1110,5421,1110,0
267100,1250,1580,1030,220
1.50E+06,3470,5222,2830,640
240000,1500,15334,1500,0
975000,2530,7000,2530,0
279950,2150,7171,1460,690
405000,1260,7373,1260,0
400000,2740,83199,2740,0
225000,960,6500,960,0
250000,1520,7800,1120,400
272950,1570,9096,1180,390
625000,3240,5324,3240,0
670000,1280,2147,1280,0
1.07E+06,2130,3545,2130,0
540000,1970,8200,1420,550
525000,2990,6725,2990,0
425000,1160,17700,1160,0
465500,1890,7004,1290,600
443500,2170,5866,2170,0
350000,1570,499571,1570,0
850000,3260,91911,3260,0
205000,1250,952,1250,0
315000,1940,10200,1140,800
470000,2150,8221,2150,0
1.10E+06,3310,8540,1660,1650
340000,3400,46382,2050,1350
310000,2660,12672,1740,920
305000,950,13475,950,0
307150,1480,6752,1480,0
729032,2840,12866,1780,1060
750000,3240,9960,2020,1220
289000,1961,3207,1961,0
480000,1100,5700,1100,0
529000,1500,7367,1500,0
585000,1480,4800,1140,340
704000,2510,12500,2050,460
607000,1490,4054,1490,0
580000,2190,8188,1810,380
875000,2530,8564,2530,0
610000,2440,9350,1560,880
230000,1040,15000,1040,0
510000,2450,62290,2450,0
733000,2210,5002,1370,840
169100,1050,18304,1050,0
250000,1050,18304,1050,0
500000,2730,35100,2730,0
700000,1620,9855,1320,300
379000,2410,5225,2410,0
650000,3420,222156,3420,0
412133,920,4400,920,0
480000,2330,14190,1740,590
650000,1940,10245,1940,0
505000,1900,5065,1900,0
931088,3510,17400,1930,1580
570000,1860,7700,1860,0
475000,1380,4635,1380,0
240000,2210,8594,1310,900
462000,2640,47480,1590,1050
1.12E+06,4530,22873,3220,1310
243000,1500,6600,1500,0
660000,2010,15375,2010,0
1.19E+06,2080,8112,1040,1040
1.68E+06,5584,68257,5584,0
6.89E+06,9890,31374,8860,1030
368000,2080,4307,2080,0
811500,3970,4500,2860,1110
275000,770,8149,770,0
650000,2500,6005,2500,0
485000,2410,50654,2410,0
425000,1340,10018,1340,0
530000,2640,13775,1550,1090
657000,2740,8520,1370,1370
315000,1580,3770,1080,500
273000,2180,22870,1280,900
550000,1960,13252,1240,720
347000,1560,1705,1270,290
525000,2440,8000,1240,1200
490000,990,1343,840,150
500000,2210,7916,2210,0
585000,3080,7282,3080,0
926500,2900,17802,1750,1150
465000,1020,3200,1020,0
200000,1900,8160,1900,0
1.68E+06,5770,16747,4500,1270
220500,990,57499,990,0
329000,990,57499,990,0
715000,2080,2250,2080,0
780000,2080,2250,2080,0
410000,1480,4080,1050,430
778100,1480,4080,1050,430
406000,1090,11292,1090,0
665000,2800,5900,1660,1140
305000,1000,8212,1000,0
265000,1640,7668,1640,0
485000,1620,4080,1620,0
600000,2460,108900,1860,600
510000,1860,5100,1060,800
195000,1080,3899,1080,0
432500,1980,5100,1270,710
490000,1510,8433,1220,290
270000,1690,7165,1690,0
370000,1010,2102,1010,0
327500,2090,12027,2090,0
826000,1060,6120,1060,0
510000,1750,7020,1750,0
587750,890,4730,890,0
449228,3020,24750,1650,1370
565000,2030,217805,2030,0
660000,3170,186436,3170,0
400000,2470,19200,1250,1220
612500,2060,5000,1030,1030
560000,2120,6250,1060,1060
727000,2180,4200,1520,660
224000,2300,7609,2300,0
1.08E+06,4200,35267,4200,0
439000,1480,7565,1220,260
335000,2240,87625,1480,760
779000,2740,4912,1370,1370
452000,1830,47916,1830,0
775000,2000,5304,2000,0
235000,1380,8362,1380,0
370000,1620,37913,1620,0
790000,3180,12070,3180,0
903000,1140,7800,1140,0
209950,970,9583,970,0
309000,1780,7859,1780,0
440000,2240,8153,1120,1120
571500,2810,25990,1860,950
514000,920,4000,920,0
323000,1830,12500,1200,630
290000,1560,7575,1560,0
2.58E+06,5540,15408,4280,1260
1.36E+06,2310,21318,2310,0
551000,1470,5100,1470,0
960000,3430,43560,3430,0
720000,2900,9525,2900,0
218000,1850,7684,1320,530
334950,2190,7000,2190,0
605000,2510,31584,2510,0
825000,3200,4477,2390,810
268500,1670,8000,1670,0
230000,1010,9600,1010,0
1.34E+06,5050,202554,3260,1790
245500,1430,9782,1430,0
440000,1880,7989,1280,600
571500,2180,5799,2180,0
182500,1830,4744,1830,0
217000,970,5600,970,0
335000,1170,5248,1170,0
501000,1010,4320,1010,0
339950,2140,7641,1290,850
340000,2230,10403,1630,600
582500,1140,23779,1140,0
298800,860,8189,860,0
317500,2540,8400,1340,1200
598000,2420,5118,1550,870
375000,1640,2240,1640,0
465000,2550,7650,2550,0
551870,2507,18400,2507,0
295000,1920,7229,1920,0
263500,2210,6375,1640,570
1.10E+06,3530,8400,2630,900
300000,1100,4010,1100,0
780000,3390,4500,2190,1200
325000,1590,7936,1590,0
370000,820,6550,820,0
715000,2370,10000,1660,710
356000,1600,12500,1600,0
329950,1740,7208,1740,0
490000,1470,2500,1080,390
429000,1410,1246,1410,0
510000,1620,8125,1620,0
550000,2360,4080,2360,0
467500,1830,6453,1830,0
615000,2130,4180,1270,860
325000,990,15120,990,0
219950,1010,4120,1010,0
950000,1720,9830,1720,0
925000,1630,3200,1630,0
251200,1310,8250,1060,250
215000,1610,5304,1610,0
245000,1850,8208,1180,670
259000,1270,4815,980,290
349950,1420,6720,1420,0
1.57E+06,5220,67319,5220,0
600000,1410,4500,1020,390
405000,1170,1274,1170,0
625000,1860,10027,1860,0
430000,1620,37075,1620,0
533000,1280,1085,1280,0
1.05E+06,2750,9949,2750,0
230000,1420,3000,710,710
275000,2000,8700,1010,990
403000,1100,3598,1100,0
550388,1720,70567,1720,0
415500,1240,12400,1240,0
913000,2170,4000,1110,1060
334998,1800,5182,900,900
201500,1160,8320,1160,0
820000,3030,46538,3030,0
371000,890,7200,890,0
229950,2150,7670,1240,910
344900,2150,7670,1240,910
840000,2060,9715,2060,0
285000,1380,12196,1380,0
475000,1800,7200,1230,570
420000,1460,7832,1460,0
685000,2210,5000,1710,500
879000,3590,89640,3590,0
197200,1140,8775,990,150
529950,1240,5000,1240,0
1.09E+06,4340,141570,4340,0
792000,1570,1050,1570,0
262000,1680,10300,1680,0
353900,1560,5760,780,780
380000,1200,44866,1200,0
305000,1690,5175,1690,0
440000,2310,5004,1430,880
1.01E+06,2650,3060,2060,590
549900,3610,7555,3610,0
678500,2620,214750,2620,0
270000,1760,8287,1160,600
430000,940,12521,940,0
1.93E+06,4830,8050,3710,1120
790500,3350,5416,3350,0
447450,1570,7200,1570,0
375000,2240,5200,1630,610
565000,1950,9940,1950,0
400000,1010,3916,810,200
246000,1630,10200,1300,330
329922,1420,6289,1100,320
1.25E+06,3950,44431,2100,1850
375000,1210,7425,1210,0
385000,1890,9920,1230,660
591500,1690,4080,1140,550
255000,2560,12155,1350,1210
275000,1350,7800,1350,0
800000,3120,5000,3120,0
327000,1140,7435,1140,0
355000,2230,11536,1220,1010
310000,1050,8220,780,270
869000,4180,49222,2880,1300
272000,1200,5700,1200,0
665000,3320,60984,3320,0
225000,1590,8449,1590,0
375000,2750,37096,2750,0
375500,1530,7200,1530,0
550000,1570,6500,920,650
248000,1470,7680,1220,250
546940,1470,7680,1220,250
680000,3150,6175,3150,0
350000,2380,6124,2380,0
593000,2000,2500,1810,190
390000,1140,8147,1140,0
297000,1340,18000,1340,0
355000,1450,9150,1450,0
309900,2020,26670,2020,0
257000,1810,12000,1810,0
1.70E+06,3600,9687,3600,0
300000,1260,2550,1260,0
500000,1560,1156,1560,0
900000,4020,7500,2010,2010
695000,3150,9130,3150,0
213400,1680,6655,1680,0
425000,1320,8830,1020,300
420000,2700,47050,1570,1130
411000,1080,5000,1080,0
762500,3130,41382,3130,0
569950,4850,40902,4850,0
258000,1220,8500,1220,0
499000,1780,3665,1780,0
310000,1250,10723,1250,0
398500,1780,1311,1350,430
250600,1930,8660,1120,810
352000,2470,6116,1420,1050
600000,1180,2160,940,240
645000,2270,4182,1170,1100
291500,1770,5000,1770,0
350000,2250,13515,2150,100
279000,1540,7280,1080,460
320000,820,5400,820,0
495000,1580,5203,1580,0
490000,2430,42646,1450,980
770000,2160,5000,2160,0
215000,1770,29004,1770,0
665000,3580,95832,3580,0
423500,1890,7498,1190,700
850000,1910,4800,1910,0
155000,910,6232,910,0
505000,1460,7210,1460,0
780000,3310,5558,3310,0
165000,1630,22764,1630,0
707000,2130,5001,1330,800
497000,1220,1475,1220,0
349170,1670,8856,1070,600
287000,1300,10050,1300,0
2.38E+06,3220,20251,3220,0
645000,2430,14400,1670,760
238000,2240,9652,2240,0
328000,2240,9652,2240,0
365000,790,1123,700,90
380000,1380,8147,1380,0
525000,1680,10500,1680,0
402000,2000,3672,1650,350
308000,1680,9250,860,820
405000,1960,6997,1960,0
808000,2590,32380,2590,0
875000,3790,6874,3790,0
860000,2370,55321,2370,0
367500,1930,7925,1300,630
604000,2580,13572,1290,1290
230000,890,19703,890,0
435000,2160,8148,1410,750
347500,1970,7098,1970,0
525000,1570,16697,1030,540
280000,1480,15641,1480,0
490000,1480,15641,1480,0
265000,1430,5490,1430,0
645000,2720,18295,2000,720
390000,2420,31497,1750,670
267500,1400,7629,1120,280
1.28E+06,5844,10766,5844,0
404000,1840,10720,960,880
380000,2530,12042,2530,0
812500,2810,10300,1810,1000
265000,1020,8610,1020,0
480000,2550,7725,1390,1160
264000,710,4725,710,0
1.35E+06,5530,38816,5530,0
550000,2150,9000,1110,1040
615000,880,2400,880,0
464000,1630,28600,1630,0
365000,1380,30940,1380,0
490000,2800,10800,1680,1120
280927,2070,7350,2070,0
282613,830,6017,830,0
675000,2770,15886,2770,0
575550,2060,7475,1440,620
259900,1490,7770,1490,0
450000,2120,8267,2120,0
487500,2810,6296,2810,0
275000,2400,17842,2400,0
305000,2460,5027,2460,0
395000,2030,217800,2030,0
215000,880,7648,880,0
410000,1320,6000,1320,0
440000,2160,7826,1390,770
1.16E+06,4190,15724,4190,0
500000,2280,7200,2280,0
961000,2590,6120,2590,0
825000,2770,9340,2770,0
734000,2145,3840,2145,0
490000,4480,5715,3680,800
175000,1780,6000,1780,0
190000,720,4800,720,0
305000,2050,12581,2050,0
1.30E+06,2040,7936,1680,360
417000,920,6600,920,0
275000,680,4190,680,0
661000,1940,8196,1940,0
435000,2230,9640,1320,910
788000,2910,9454,1910,1000
1.80E+06,5270,17232,4010,1260
408000,2820,6589,2320,500
570000,1790,3760,1490,300
1.54E+06,2920,6960,2120,800
400000,840,5510,840,0
247000,1820,8740,1820,0
453000,1550,7200,1100,450
235000,1270,3008,650,620
675000,2460,5750,1620,840
516200,2110,5150,1080,1030
650000,920,91476,920,0
257100,1500,10227,1000,500
457000,1440,9985,1440,0
540000,1610,3478,1060,550
268000,1970,10270,1970,0
300000,1150,7314,1150,0
380000,2110,114127,1590,520
725000,3580,54450,3580,0
249000,1000,19204,1000,0
274000,1680,9383,1400,280
1.78E+06,3950,10912,3950,0
396500,2390,7149,1350,1040
460000,1820,7800,1240,580
277000,1100,8536,1100,0
449500,2280,5275,1270,1010
785950,2530,4560,1540,990
545000,1940,9775,1440,500
244000,1360,9688,1360,0
165000,1660,2415,1660,0
435000,800,5000,800,0
642000,2670,10082,2670,0
340000,1720,4120,1720,0
730000,3550,35689,3550,0
563250,1370,2800,800,570
675000,2820,67518,2820,0
620000,1620,6630,1280,340
275000,1290,9041,950,340
270000,1830,8209,1830,0
325000,2040,5472,2040,0
476100,1850,1836,1600,250
700000,1300,12000,1300,0
220000,1620,5200,1620,0
236000,1560,10919,1560,0
790000,2600,4750,1700,900
350000,2010,6000,1210,800
130000,780,5300,780,0
283200,1982,6406,1982,0
273000,1500,6250,890,610
599000,2460,8710,1330,1130
460000,2680,11998,1510,1170
1.16E+06,5860,52889,4910,950
385000,1720,8750,860,860
264250,1420,7420,1420,0
608000,1760,1472,1640,120
450000,2790,48994,2790,0
1.76E+06,2360,4800,2360,0
339950,1890,6050,1890,0
760000,3810,6150,3810,0
350000,1160,5395,860,300
541500,2320,55847,2320,0
730000,3280,16449,1910,1370
215000,980,5600,980,0
420000,1640,9972,1640,0
655000,2060,8470,1440,620
240000,1500,10652,1500,0
730000,2360,6000,1260,1100
390000,1940,12100,1940,0
473000,1280,10000,1280,0
698000,3630,5670,3630,0
511000,1820,4883,1820,0
358000,960,1808,960,0
499990,1630,8400,1060,570
322000,1940,10200,1360,580
201000,980,9682,980,0
765000,3140,16200,2570,570
920000,2880,5750,1710,1170
360000,1650,7552,860,790
297300,1980,9220,1980,0
399000,860,9403,860,0
400000,1430,10005,1430,0
230000,1260,10164,1260,0
290000,960,4560,960,0
323800,2060,7658,2060,0
574500,1430,6380,1430,0
505000,1670,1596,1220,450
372500,880,10950,880,0
425000,1300,19163,1300,0
446250,2380,214315,2380,0
330000,520,6862,520,0
608095,2680,17707,2680,0
550000,2140,10136,1320,820
265000,1820,16103,1820,0
399888,1820,8255,1320,500
430000,1050,2570,850,200
554990,2100,6092,2100,0
359950,2210,6280,2210,0
405000,860,2599,860,0
280000,870,4025,870,0
479950,2570,11070,2570,0
575000,2980,53578,2230,750
392000,2360,7733,2360,0
760500,2310,36136,2310,0
435000,2300,9521,2300,0
1.57E+06,2810,8570,2810,0
261000,2040,10488,1190,850
1.48E+06,3290,5000,2730,560
853800,2960,2665,1950,1010
657500,2670,10496,2670,0
331950,2530,9933,2010,520
514000,1720,5899,1220,500
496000,3090,27598,2020,1070
1.09E+06,3930,21894,3930,0
195700,1120,5200,1120,0
1.40E+06,3960,8640,2630,1330
1.18E+06,4060,20822,4060,0
643403,2350,9648,2350,0
357000,2380,7066,2380,0
865000,1480,8163,1040,440
905000,2930,9280,2930,0
265000,1290,7100,1290,0
535000,2730,7246,2730,0
450000,1290,5440,790,500
460500,2170,7533,2170,0
315000,1850,8580,1140,710
607500,2110,13939,1270,840
432000,960,3235,960,0
1.70E+06,3910,5350,2610,1300
479000,2590,6139,2590,0
475000,3080,6600,3080,0
415000,1630,8146,1630,0
450000,910,5000,910,0
1.14E+06,2780,33503,2110,670
430000,3880,8432,3880,0
296000,1360,10742,960,400
303000,2560,8927,1790,770
641000,2600,6015,2600,0
280000,1220,5739,790,430
260750,1560,9635,1260,300
601000,2080,5191,2080,0
255000,1490,6604,1490,0
555000,2020,10720,1420,600
865000,1530,10827,1530,0
1.39E+06,3450,17400,2180,1270
315000,1400,31626,1140,260
200000,1730,9610,1380,350
357000,1370,6450,1370,0
390000,1050,934,960,90
462000,2840,10220,2210,630
174500,1010,5200,1010,0
305000,1210,7140,1210,0
449000,1720,14040,1150,570
260000,2710,5000,2710,0
751000,3110,6142,3110,0
370037,1250,9270,1250,0
229950,1900,8910,1900,0
349000,1740,7682,1330,410
348000,2070,3808,2070,0
1.22E+06,3030,5600,2220,810
510000,3610,18948,3610,0
265000,1520,6805,1040,480
1.25E+06,2780,4815,2780,0
937500,5545,871200,3605,1940
485000,2590,8384,1590,1000
489000,1150,5217,1150,0
400000,920,5120,920,0
638000,2110,3600,2110,0
440000,1170,8740,1170,0
305000,1900,8240,1200,700
649950,1900,8240,1200,700
680000,3290,6012,3290,0
629000,2660,22050,2660,0
555000,2160,7584,2160,0
669000,2700,35362,2700,0
272000,1980,6608,1980,0
270000,2600,9900,1600,1000
215000,1280,9775,1280,0
690000,1710,17707,1180,530
256000,1270,6825,1270,0
255000,1890,7314,1100,790
550000,3440,8100,3440,0
410000,1190,5280,1190,0
410000,1030,4366,1030,0
259000,1240,4000,1240,0
292000,1730,21183,1030,700
1.65E+06,4610,12500,4610,0
518000,1590,5000,1190,400
485000,1760,3097,1760,0
259500,1330,35060,1330,0
354000,2340,5420,2340,0
999950,3740,22464,2330,1410
464500,1150,10466,1150,0
300000,1750,4200,1750,0
1.08E+06,3890,7216,3260,630
309950,1770,6666,1770,0
315000,1160,3700,1160,0
499950,1440,5580,1440,0
780000,2600,4800,1400,1200
885000,2640,16090,1960,680
500000,1010,3885,1010,0
329000,1840,6755,1840,0
246000,1720,7455,1020,700
405000,1280,9600,1280,0
349000,1700,7800,1120,580
374950,1980,12062,1980,0
306000,1160,7217,1160,0
416000,1980,7840,990,990
560000,1960,12476,1960,0
260000,1270,20700,1150,120
306500,2060,38377,1560,500
299950,1980,11274,1480,500
265500,1450,8977,1450,0
219000,1200,12000,1200,0
365000,1830,17349,1230,600
499000,2090,42689,2090,0
366000,1510,8301,1510,0
514950,1310,1264,1310,0
875000,3790,10669,3790,0
831000,2240,8800,2240,0
689900,2740,7266,2060,680
315000,1660,10763,1660,0
355000,2460,8049,2460,0
336500,1480,7284,970,510
1.10E+06,2640,4050,1750,890
375000,1900,8057,1170,730
289275,2860,24046,1700,1160
455000,3440,6000,3440,0
505000,1640,10695,1640,0
450000,1450,3350,1450,0
567500,2300,7398,2300,0
265000,1460,8505,1460,0
340000,1570,14992,1570,0
375000,1540,8885,1540,0
920000,3300,4218,2200,1100
850000,2130,11843,2130,0
202000,1010,9750,1010,0
725000,2420,12000,2420,0
900000,3870,33980,3150,720
680200,1960,6000,1210,750
216500,1170,9000,1170,0
325000,1890,7650,1890,0
675000,2250,4134,2250,0
435000,750,16321,750,0
263500,1610,14000,1050,560
550000,2590,36256,2590,0
875000,2520,3750,2520,0
246600,1340,8400,1340,0
337000,1460,941,1460,0
240000,1380,7500,1380,0
490000,1510,11120,1510,0
510000,2510,83231,1260,1250
305000,910,8008,910,0
350000,1970,3655,1970,0
284200,1540,6632,1070,470
357000,1980,9757,1980,0
854000,3150,38865,2480,670
1.18E+06,4700,49658,4700,0
1.00E+06,2300,15952,1150,1150
616500,1880,3000,1760,120
750000,2640,3750,1840,800
650000,3900,9100,2870,1030
275000,2670,10050,1420,1250
540000,1840,4280,920,920
225000,1120,10665,1120,0
845000,2970,9072,2970,0
490000,1410,7740,1410,0
753000,3060,8167,3060,0
475000,2490,7210,1290,1200
124000,840,7203,840,0
224000,840,7203,840,0
485000,1130,3800,1130,0
230000,1850,6000,1270,580
372000,2330,14175,1800,530
306000,1880,9426,1880,0
905000,2980,3000,2340,640
440000,1440,6678,1040,400
280000,1630,10001,1100,530
435000,1778,147823,1778,0
425000,1930,4500,1930,0
204950,1130,11429,1130,0
670000,1650,7500,1000,650
475000,820,2723,820,0
352000,2900,6650,1450,1450
575000,2330,8800,1260,1070
1.73E+06,4440,20668,3240,1200
491000,1660,5070,1660,0
750000,3020,7465,3020,0
830000,1850,50662,1430,420
1.14E+06,5960,20197,3900,2060
137124,960,27442,960,0
225000,1150,6000,1150,0
732600,2130,7300,1230,900
818000,2460,8001,2460,0
431000,2360,14950,2360,0
304000,1320,1034,1320,0
650000,1910,4667,1010,900
450000,1610,6160,1610,0
269000,1610,8401,1610,0
875000,1160,10732,1160,0
890000,2870,8393,1480,1390
565000,2280,9725,2280,0
448175,1370,1339,1150,220
235000,1470,4800,1470,0
680000,2970,6500,2970,0
629000,1460,12367,1120,340
494000,1570,1486,1330,240
1.10E+06,2880,5500,1920,960
450000,1900,9460,1190,710
330000,2020,11050,1320,700
960000,3110,11397,3110,0
360000,2390,7056,2390,0
378000,2150,11672,2150,0
499950,1340,6250,1090,250
450000,1990,12866,1990,0
523500,1600,5969,800,800
600000,2680,43995,2680,0
290000,2080,4828,2080,0
176000,1340,5434,1340,0
885000,2590,3750,1790,800
483000,1240,3000,1240,0
240000,1310,7125,1310,0
720000,2530,5200,1530,1000
311000,1780,5822,1780,0
332500,1600,7995,1600,0
164950,1570,15330,1080,490
371000,1570,15330,1080,490
264500,1650,16200,1650,0
1.74E+06,2920,6513,2260,660
503000,870,4280,870,0
738000,2830,5010,2170,660
393000,980,3350,980,0
280000,990,45528,990,0
260000,2360,9647,1530,830
505000,1000,4640,1000,0
241000,1660,8000,1120,540
530000,1520,9605,1520,0
713000,1180,4000,840,340
487000,1770,10125,1770,0
128000,980,5393,980,0
210500,1840,10178,1040,800
420000,1810,7210,1210,600
679000,1780,4320,1780,0
784950,2840,4227,2840,0
352000,2650,6366,2650,0
386000,1270,1318,1080,190
335000,1260,17000,1260,0
472500,1750,15500,1490,260
599950,2680,13292,1340,1340
963990,3830,6765,3830,0
735000,1610,3600,1610,0
858450,3840,9751,3840,0
665000,2670,4000,1800,870
290000,2000,7414,2000,0
250000,860,4320,860,0
192500,1420,7205,1420,0
350000,2060,13400,2060,0
518000,2790,9910,2790,0
563000,1410,3376,1410,0
375000,2420,9566,2420,0
400000,1460,1319,1460,0
240000,2460,16000,1230,1230
317500,1000,5120,1000,0
1.32E+06,4420,36342,2740,1680
234000,1240,239144,1240,0
645000,1740,13750,1740,0
649000,1280,4840,1200,80
605000,2520,3980,2520,0
337900,1500,1471,1500,0
535000,2490,3600,2290,200
325000,1530,5684,1130,400
429950,1740,10875,1740,0
775000,3550,32807,3550,0
650000,1280,6000,1280,0
1.20E+06,2320,13114,2320,0
275000,1140,10404,1140,0
575000,3930,16970,3930,0
540000,2370,16455,1640,730
640000,2340,4206,1170,1170
275000,1240,9125,1240,0
672800,2740,10533,2740,0
495000,1940,9144,1430,510
820000,2950,35108,2950,0
475000,1980,11443,1980,0
1.28E+06,2850,7861,1450,1400
380000,1160,9375,1160,0
397500,2130,8225,2130,0
352000,2420,8560,1620,800
893880,2820,8600,1430,1390
635000,3710,34200,2510,1200
420000,1770,8165,1770,0
503000,1260,2500,750,510
689000,2330,10143,1220,1110
749500,2490,3840,1610,880
1.15E+06,4090,49542,3100,990
563500,2800,12831,2800,0
480000,2440,9664,1890,550
374950,2540,8800,1620,920
308950,1600,6250,1600,0
445000,2680,16934,1340,1340
237200,1220,9000,1220,0
453500,1550,7270,1550,0
616500,2080,4549,1040,1040
1.25E+06,5000,32909,5000,0
396000,630,5150,630,0
210000,1070,8179,1070,0
539000,1900,5175,1200,700
605000,2960,18600,2960,0
437500,1490,4800,1490,0
215000,1500,15000,1500,0
440000,2410,4780,2410,0
525000,2000,22500,1680,320
319900,1140,20383,840,300
335000,1120,9075,1120,0
485000,2900,35273,2900,0
359999,3220,7700,3220,0
799000,2500,19783,2500,0
280000,1610,10454,1610,0
1.05E+06,2250,3433,1500,750
290000,1240,4800,1240,0
235000,1660,2748,1660,0
495000,2080,3000,1040,1040
290000,1880,7488,1880,0
230000,1050,9516,1050,0
234000,1480,8475,1480,0
597400,2420,4500,2420,0
370000,2190,17600,1110,1080
755000,2660,10452,2660,0
342000,2430,5715,2430,0
497000,770,3325,770,0
835000,3060,30166,3060,0
730000,2920,4500,2920,0
655000,1370,5250,1070,300
205000,1870,3118,1870,0
632750,1800,4800,1800,0
330000,2100,7715,1250,850
527500,2530,8250,2530,0
716500,3290,6465,3290,0
388500,1890,5395,1890,0
530000,1680,7770,1680,0
419000,2170,4517,2170,0
385000,1200,7360,1200,0
655000,2990,5669,2990,0
1.70E+06,3770,10900,3070,700
279000,1020,47044,1020,0
262000,1700,9579,1100,600
533000,1550,4750,1550,0
640000,1680,8100,1680,0
285000,1680,35127,1680,0
458400,1910,10300,1910,0
620000,3160,10587,2190,970
465000,2020,11358,1190,830
690000,3210,7054,3210,0
462500,2350,51400,1390,960
369950,1910,10221,1910,0
124500,840,6480,840,0
950000,2620,10920,2620,0
418000,1220,10580,1220,0
160000,1060,8000,1060,0
457000,2200,10800,1500,700
530000,2120,7680,1130,990
385000,1250,7300,1250,0
491000,1440,7800,1440,0
521000,1890,8034,1890,0
255000,1140,8528,1140,0
292050,2840,7199,1710,1130
326000,1880,7200,1880,0
300000,750,5120,750,0
291600,1630,7480,1330,300
435000,1720,12551,1720,0
465000,1600,1311,1600,0
200000,1230,7420,1230,0
238000,1610,6132,1090,520
455000,1320,7000,1320,0
230000,2180,7220,2180,0
808000,2190,4104,1410,780
578500,1490,5700,1490,0
390000,1463,868,1463,0
517500,1800,3933,1800,0
755000,2880,4000,2100,780
579500,1250,4120,980,270
649950,1670,1350,1350,320
228000,2000,6120,1100,900
665000,2280,3680,1470,810
689000,2110,6069,2110,0
560000,2520,11240,1440,1080
529000,1590,6420,1590,0
375000,2100,14858,2100,0
325000,2090,9240,2090,0
583000,3390,10519,3390,0
330000,790,9784,790,0
262000,1970,8727,1970,0
555000,2870,6776,2870,0
585000,1110,6000,1010,100
425590,1940,3088,1770,170
235000,720,4840,720,0
362362,710,4000,710,0
252000,1370,7500,1370,0
439000,2690,9551,2690,0
465000,3360,10810,3360,0
249900,1500,7854,1500,0
665000,2600,5000,1300,1300
370000,1160,8774,1160,0
620000,1430,3000,1300,130
375000,1870,7671,1720,150
552625,2560,9390,1280,1280
315500,1160,10500,1160,0
620000,1680,8187,1680,0
510000,2010,9075,1310,700
652500,2540,38677,2540,0
574000,3240,22795,3240,0
430000,2670,12806,2670,0
390000,1080,7236,1080,0
466500,1430,3840,950,480
315000,1290,2436,1290,0
220000,1240,9600,1240,0
325000,1840,17286,1440,400
365000,1120,8443,1120,0
356000,2100,12384,2100,0
380000,2030,12518,1610,420
579000,2030,8764,2030,0
682000,890,5000,890,0
499000,1750,12325,1470,280
333760,1300,5880,1300,0
745000,2650,18903,2650,0
380000,1750,10870,1750,0
435000,1440,1350,1440,0
520000,1700,3264,1060,640
965000,3920,41206,3920,0
270000,1470,16728,1350,120
1.10E+06,2520,4643,2120,400
577500,2140,13286,1220,920
650000,1550,5000,1250,300
1.23E+06,3180,10319,3180,0
1.90E+06,6510,16471,3250,3260
475000,1440,3720,1440,0
200000,1150,10132,1150,0
397000,2320,11717,2320,0
383610,1230,8450,1230,0
275000,2060,5742,2060,0
840000,2783,11177,2783,0
365000,2140,7350,2140,0
362000,1420,955,1160,260
350000,2090,6258,1390,700
200000,1320,13052,1320,0
299000,2300,8100,1360,940
555000,3050,82764,1650,1400
1.33E+06,2960,8330,2260,700
896000,2520,16100,1570,950
550000,1740,7290,1280,460
324500,1300,6617,1300,0
312500,1170,7350,1170,0
485000,1946,17786,1946,0
511000,1250,5413,1250,0
139500,1230,1561,1230,0
464000,2180,7203,2180,0
255000,1740,8800,1140,600
679975,3830,4644,2900,930
624800,2250,14274,1500,750
920000,2590,223027,2590,0
1.37E+06,2090,6000,2090,0
510000,2400,10275,1540,860
289659,2260,7200,2260,0
585000,2910,6250,2910,0
555000,3640,6930,3640,0
940000,3770,24897,2550,1220
460000,1600,7350,1600,0
319000,2110,7434,2110,0
280000,1720,1916,1720,0
250000,1100,7470,1100,0
749950,2620,8312,2620,0
458000,3090,23265,2990,100
465000,1890,4808,1890,0
580000,1850,2797,1150,700
700000,3100,36562,3100,0
350000,2506,7206,2506,0
456000,1700,7689,1080,620
290000,1550,18958,1550,0
475000,2200,16288,1290,910
285000,1890,3629,1890,0
309000,1140,6400,1140,0
860000,3740,32417,3740,0
219000,1940,6500,1440,500
546500,2130,7199,2130,0
338000,1470,5566,770,700
505000,1070,8130,1070,0
340000,1680,15084,840,840
678000,2730,10675,2730,0
800000,1890,10292,1890,0
112000,1080,3230,1080,0
252000,1440,16819,1440,0
335000,2540,7210,1600,940
610000,2300,13418,1430,870
245000,1690,6790,1360,330
493500,1800,16026,1390,410
596500,1770,8505,1770,0
245000,1190,4072,1190,0
333500,1320,7200,1320,0
373000,1290,8974,1290,0
759900,3000,5639,3000,0
317000,1358,1204,1358,0
670000,1220,4080,1220,0
985000,2720,26761,2720,0
310000,1060,6954,1060,0
750000,3020,13122,2540,480
408000,1640,3440,1640,0
900000,3870,8225,3870,0
460000,2860,15054,1460,1400
339000,1740,6000,1740,0
660000,1140,6000,1140,0
449950,3290,10783,3290,0
235000,1210,6000,1210,0
769000,3320,13138,1900,1420
428000,1350,3900,1350,0
445000,1990,7340,1990,0
462000,2060,6958,1220,840
775000,1460,6198,1460,0
605000,2250,10108,2250,0
193500,950,15996,950,0
389950,3140,8060,3140,0
790000,3560,6098,3560,0
442000,1410,5000,940,470
890000,2770,13500,2770,0
235000,1864,6978,1864,0
495000,1930,6720,1130,800
600000,3870,50965,3870,0
1.40E+06,2020,5500,1790,230
251000,1300,8400,1300,0
471000,3410,57063,2410,1000
597000,2370,41338,2370,0
804000,2770,9305,2770,0
357000,1250,17493,1250,0
419990,1690,1689,1150,540
725000,3040,35201,3040,0
275000,2710,5733,2710,0
445000,1190,13630,1190,0
510000,2300,27566,2300,0
330000,1360,13372,1360,0
270000,1500,5605,750,750
495000,1610,4770,1230,380
225000,1420,10300,1420,0
716528,1750,5400,1050,700
260000,1510,6095,1510,0
471000,2330,9928,2330,0
690000,2690,4800,1930,760
548000,1700,7200,1700,0
505000,1020,5410,880,140
325000,1160,11799,1160,0
682000,2450,34092,2450,0
605000,2010,10760,2010,0
276200,1370,4495,1370,0
530000,1370,4040,1370,0
245000,1990,9600,1440,550
654950,2790,45902,2790,0
221900,780,6727,780,0
466000,2240,4508,1340,900
383150,2210,6387,2210,0
657100,1390,4240,1050,340
539000,1800,43995,1800,0
400000,3320,15600,1660,1660
215000,1960,11600,980,980
489000,850,2850,850,0
649000,2980,12764,2980,0
700000,1980,10800,1320,660
268500,790,8424,790,0
515000,1800,5001,1800,0
685000,2260,10800,2260,0
305000,800,2142,800,0
950000,2490,4600,2090,400
292500,1610,4568,1610,0
270000,1850,7730,1100,750
450000,1850,7730,1100,750
535000,1920,6480,1920,0
550000,1740,3082,1740,0
457500,1430,2003,980,450
136500,1420,8580,1420,0
224097,1420,8580,1420,0
254000,1560,10608,1560,0
335000,2030,13500,1230,800
594950,3280,6553,3280,0
350000,1360,18123,1360,0
169950,1180,9832,1180,0
432500,1940,10800,1340,600
440000,1300,4000,1300,0
233703,1650,3788,1650,0
310000,1140,3292,1140,0
735000,2540,6762,2540,0
730000,3440,8150,3440,0
257000,1800,9000,1200,600
485000,1260,1240,1260,0
899000,2370,6000,1440,930
279000,1520,8055,1520,0
225000,1750,7245,1050,700
1.36E+06,2680,4775,1880,800
355000,1590,4242,1590,0
382500,1560,8700,1560,0
324360,2000,9669,2000,0
315000,2380,10450,2380,0
426000,2230,11472,2230,0
395000,2820,6305,2820,0
212644,1570,9650,1570,0
510000,1845,5100,1845,0
85000,830,9000,830,0
235000,830,9000,830,0
295000,2030,5754,2030,0
720001,1430,2200,1430,0
313950,1510,6083,860,650
415000,1510,6083,860,650
305000,1610,12247,1610,0
625000,1600,4128,1250,350
490000,1420,11040,1420,0
269950,1660,8641,1660,0
2.70E+06,4230,27295,3230,1000
829000,3310,4500,2910,400
635000,2470,77550,2470,0
217500,1040,9750,1040,0
270000,1850,7350,1050,800
1.25E+06,4610,8400,2790,1820
480000,2480,5100,2480,0
575000,2130,6500,1170,960
426950,2350,5589,2350,0
125000,920,7314,920,0
208000,920,7314,920,0
325000,1780,10622,900,880
597157,2690,10880,2690,0
728725,3010,3120,3010,0
708000,3180,10800,1910,1270
1.30E+06,4120,14021,4120,0
405000,1280,11625,1280,0
550000,1690,6090,1400,290
451000,2320,5375,2320,0
540500,3090,7415,3090,0
1.03E+06,5050,16500,5050,0
218000,1640,10455,950,690
562000,2170,7007,1540,630
401500,3140,94525,2280,860
196700,1090,9994,1090,0
583000,1930,10183,1480,450
309900,2100,17825,1400,700
485000,3110,18843,3110,0
465000,930,3348,930,0
595000,2050,8372,2050,0
254000,1160,7560,1160,0
488500,1820,9490,1820,0
260000,2110,8990,2110,0
166000,870,8487,870,0
440000,1080,6760,1080,0
375000,1260,7560,1260,0
529500,900,4800,780,120
338000,750,6439,750,0
335620,1800,15903,1340,460
464000,2220,15232,1690,530
354000,1390,7740,1390,0
601000,2160,3600,1660,500
285000,1840,9040,1370,470
462500,1690,4200,1690,0
350000,2650,10459,2650,0
329000,1120,3844,1120,0
312500,2500,11983,1320,1180
370000,2220,5338,2220,0
399900,1260,12750,1260,0
398000,1480,6550,1480,0
550500,930,7400,830,100
709000,2780,7200,1870,910
402000,2770,7620,1700,1070
450000,1530,23660,1530,0
524000,2140,6720,1440,700
800000,4600,322188,2400,2200
185000,1760,8906,1230,530
365000,1760,8906,1230,530
925000,3110,11422,3110,0
714000,2260,11781,1520,740
495000,1460,9759,1460,0
535000,2050,6648,1230,820
880000,2340,10800,2340,0
150000,1230,8056,1230,0
554500,1880,6565,1420,460
520000,1280,3880,1280,0
839990,3660,5637,3660,0
500000,1650,5683,1650,0
305000,1960,186872,1960,0
247800,1580,2170,1580,0
344200,2490,5812,2490,0
459950,2000,6107,2000,0
229900,1550,9899,1550,0
750000,2820,9602,1950,870
509000,2600,9355,1840,760
680000,2200,12137,1640,560
661500,2500,7200,1490,1010
370000,1270,1399,1270,0
785000,2900,17400,2410,490
355000,840,6720,840,0
446000,1940,6350,970,970
830000,3490,21780,3490,0
324000,1940,8347,1940,0
500000,2490,23478,2490,0
745000,1390,9112,1390,0
1.20E+06,3940,4407,2620,1320
385000,1760,3710,1130,630
565000,2560,8040,1510,1050
465000,2300,7314,1420,880
401000,1770,1977,1770,0
385000,2310,11200,1630,680
395000,2310,4930,2310,0
245000,2000,8100,2000,0
500000,1540,3600,890,650
334000,2590,6720,1750,840
550000,980,10960,980,0
216000,1730,7950,1180,550
340500,3070,5871,2510,560
375000,2100,12738,2100,0
600000,2080,16740,1580,500
375000,1890,8000,1250,640
536500,2000,4000,1450,550
599900,3030,35123,1760,1270
750000,1110,3600,1110,0
355000,1650,10075,1170,480
590000,1410,6413,910,500
680000,2140,6000,1070,1070
429000,1860,11122,1860,0
581000,1170,4080,1170,0
463800,980,7770,980,0
2.98E+06,7400,18898,6290,1110
443000,1650,3000,1650,0
276200,1480,7210,1180,300
630000,4060,8309,2960,1100
570000,1370,3300,1370,0
979700,2480,6000,2380,100
730000,2030,4080,1730,300
268450,2200,9600,1100,1100
490000,1770,7508,1270,500
808000,2550,6240,1750,800
350000,1250,9786,1250,0
695000,2390,5880,1390,1000
1.23E+06,5730,44947,4280,1450
309950,1120,11800,1120,0
134000,1270,8508,650,620
645500,2390,9638,2390,0
750000,1760,5488,1540,220
1.40E+06,2560,3600,2110,450
344900,1820,7700,1100,720
601450,1840,1500,1840,0
575000,1810,4400,1700,110
405000,2470,9620,1570,900
518000,2520,14021,2520,0
265000,1600,7936,1600,0
180000,1280,4875,1280,0
285000,1590,9736,1590,0
433000,2000,7200,1000,1000
399000,1780,11440,1350,430
565000,1700,7210,1700,0
406500,1970,10080,1970,0
420000,1940,11500,1090,850
965000,3290,5559,2290,1000
1.38E+06,3500,9523,2460,1040
353950,3260,7969,3260,0
847700,4230,10260,3860,370
185000,1590,6700,1090,500
269000,1010,6000,1010,0
422800,1820,8400,1340,480
379950,870,7500,870,0
525000,1620,7800,1200,420
810000,3980,209523,3980,0
209950,1630,8400,1630,0
439950,1230,1613,1010,220
554820,3510,12905,2210,1300
359000,2160,4500,2160,0
242500,1020,5870,1020,0
330000,1590,9417,1590,0
740000,3440,44374,2190,1250
630000,3020,4800,3020,0
750000,2280,7800,1360,920
695000,2790,6540,2790,0
109000,580,6900,580,0
389000,2030,10075,1080,950
447000,850,2700,850,0
1.20E+06,2480,13310,2480,0
315000,1010,12000,1010,0
640000,2420,8244,2420,0
570000,2180,9246,2180,0
495000,1830,208216,1830,0
449500,2040,7488,1200,840
1.08E+06,2640,5000,1840,800
294950,1060,7868,1060,0
170500,1640,13939,1040,600
312000,1190,7620,1190,0
350000,2180,15484,2180,0
690000,2120,8448,2120,0
375000,2210,9427,2210,0
575000,2510,47044,2510,0
646000,2500,8500,1600,900
239950,1560,4800,1560,0
400000,2510,7525,1710,800
455000,3060,94089,3060,0
240000,1310,8069,1310,0
3.40E+06,4260,11765,3280,980
695000,2500,4080,1680,820
304950,670,6720,670,0
650000,1840,2310,1140,700
402500,1480,2211,1480,0
482000,2420,7307,2420,0
655000,1820,4480,1120,700
577000,1940,5000,1940,0
350000,1630,5996,1630,0
415000,2520,8000,1680,840
396400,2120,215186,2120,0
654300,2490,8582,2490,0
774950,3410,179419,3410,0
855000,2380,10800,2380,0
1.15E+06,2490,4000,1670,820
330000,1240,1546,1240,0
290000,1900,10950,1400,500
519500,2390,19454,2390,0
450000,1810,12600,1400,410
3.12E+06,4490,56609,4490,0
265000,1620,9450,1620,0
359000,2640,7883,2640,0
2.00E+06,2870,4500,2510,360
1.05E+06,3250,48037,2030,1220
402500,800,2280,800,0
450000,1360,5445,1360,0
262500,1950,8086,1130,820
285000,1970,7200,1970,0
290000,2020,4861,2020,0
752500,2280,6230,2280,0
820000,3540,13515,3540,0
292000,1560,2740,1560,0
213000,750,6089,750,0
400000,2240,7035,2240,0
202000,590,5650,590,0
484000,690,23244,690,0
617450,1580,14398,1080,500
250000,1040,8000,1040,0
405000,1880,10000,960,920
325000,1070,8750,1070,0
301350,1860,7440,1040,820
425000,1550,7800,1050,500
460000,1860,6360,1470,390
938000,3090,10940,3090,0
348000,1720,8867,1320,400
435000,1260,4080,1260,0
227950,1120,11430,1120,0
425000,1250,5880,900,350
550000,1810,4064,1810,0
347500,1890,7053,1890,0
397000,2020,6000,1620,400
410000,1790,11875,1490,300
780000,3190,6776,3190,0
1.35E+06,3030,5164,2700,330
476000,1630,3070,1630,0
390000,1180,16552,1180,0
226500,1560,7000,1560,0
495000,1340,2550,1340,0
1.50E+06,2590,11500,2590,0
385000,1020,5950,880,140
535950,2370,5344,2370,0
910000,3170,32430,3170,0
465000,1120,4000,1120,0
495000,1440,11787,1440,0
250000,2170,5404,1470,700
1.23E+06,3490,6906,2280,1210
400000,1970,8941,1970,0
715000,2780,13521,2780,0
342000,2250,7757,2250,0
420000,1340,8400,1340,0
148226,1400,7360,1400,0
313000,1510,10369,1010,500
150000,1320,8220,1320,0
150000,820,10270,820,0
230000,1080,9435,1080,0
389100,840,5400,840,0
645000,2070,8720,1360,710
310000,1520,6500,990,530
351358,1210,1189,1210,0
1.70E+06,3810,9360,3810,0
1.57E+06,5370,323215,5370,0
850000,1540,3600,1540,0
470000,2310,14023,2310,0
770000,1870,1900,1870,0
366000,1840,11440,1340,500
545000,2060,7184,2060,0
205000,1010,8800,1010,0
405000,1020,8155,1020,0
467000,2220,7210,1270,950
392500,1050,4125,1050,0
901000,3030,18400,2360,670
500000,1800,7199,1300,500
384950,1860,3690,1860,0
1.70E+06,4070,336283,4070,0
245000,860,6120,860,0
1.17E+06,3080,10487,3080,0
184500,1280,3640,1280,0
269000,1540,5000,1540,0
570000,1530,3296,1530,0
850000,2350,11914,2350,0
209000,920,5200,920,0
327000,1840,5100,1840,0
369500,1650,9957,1100,550
440000,1760,8025,1230,530
947500,3290,12329,3290,0
510000,1270,4500,1270,0
385000,1600,10318,930,670
370000,2670,9920,1400,1270
660000,1960,4500,1960,0
729000,3300,308080,2520,780
440000,2000,11880,2000,0
445000,2360,81892,2360,0
460000,1430,12092,1430,0
516000,2330,7304,1300,1030
343888,2060,5607,2060,0
500000,2240,9886,2240,0
465000,2330,6450,1330,1000
302000,2180,7813,2180,0
195000,1280,7861,1280,0
640000,2140,8925,2140,0
502000,2890,8122,1630,1260
360000,1480,3851,1480,0
290500,1680,3000,1680,0
248000,2163,5883,2163,0
433000,2280,7568,2280,0
480000,820,4200,820,0
410000,1330,5000,1120,210
309950,2310,5000,2310,0
253000,1290,7372,1290,0
280000,1630,11800,1630,0
440000,1410,8925,1410,0
333000,1240,8936,1240,0
759950,3100,23790,3100,0
345000,2020,9000,2020,0
350000,2500,5831,2500,0
198000,790,14200,790,0
730000,2040,11294,1340,700
266200,1430,9600,1430,0
1.06E+06,2250,10160,2250,0
95000,1070,20450,1070,0
430000,1300,12731,1300,0
650000,2560,9731,2560,0
379900,2190,5071,2190,0
325000,940,1222,860,80
455000,1740,8449,1170,570
392000,2220,3797,1330,890
373000,1310,7811,1310,0
951250,2710,8227,1910,800
502000,1300,14350,1300,0
362500,1940,40588,1940,0
525000,1080,3500,1080,0
580000,2110,11680,1420,690
278000,1590,9425,1170,420
422500,910,4800,910,0
783200,1590,5400,990,600
715000,3290,6628,3290,0
472217,2010,2212,1390,620
244615,2060,4030,2060,0
385000,1560,14288,780,780
549995,1120,6600,1120,0
959900,3550,15151,3550,0
510000,3300,7200,3300,0
367000,2000,12669,1200,800
375000,2680,8410,1810,870
500000,1290,1334,1290,0
489000,1290,1334,1290,0
340000,1150,700,800,350
562000,1880,5978,940,940
489950,2400,7478,2400,0
652000,1920,9600,1560,360
472000,4350,7090,2870,1480
333000,1910,9244,1910,0
560000,2000,7350,2000,0
799000,3290,20107,2220,1070
860000,3480,9200,3480,0
449500,2410,55931,2410,0
692500,2820,11500,2820,0
925000,2710,11400,1430,1280
267500,2080,2856,1550,530
396800,2200,6018,2200,0
220000,1180,8058,1180,0
892500,2120,56192,1720,400
455500,1460,10311,1460,0
743000,2110,11250,2110,0
338000,1790,17925,1790,0
332000,1340,13115,1340,0
563225,2460,4000,1370,1090
1.15E+06,3760,20609,3760,0
645000,1240,5000,1000,240
739000,2750,16000,2560,190
435000,2530,13446,2530,0
995000,3200,3800,2650,550
520000,2020,7357,1350,670
400000,3030,180263,2030,1000
440000,2350,7641,1510,840
440000,1690,6010,1230,460
738000,1280,3900,1280,0
250000,1170,9848,1170,0
338150,2700,8580,2700,0
425000,1800,7371,1280,520
883000,3670,54450,3670,0
510000,2350,266151,2350,0
950000,3100,21303,3100,0
435000,1120,9656,1120,0
415000,1900,10226,1130,770
439000,1350,944,870,480
295832,1410,6400,960,450
285000,1560,9514,1560,0
350000,1090,5003,1090,0
489000,1465,972,1050,415
304500,1790,6930,1390,400
288000,1300,7313,1300,0
417000,1920,9512,1440,480
615000,1420,991,1040,380
730000,3760,4857,2820,940
178500,930,3447,930,0
300000,1580,9600,1050,530
415000,2170,8518,1350,820
452500,2040,15695,2040,0
1.01E+06,3430,15877,3430,0
653000,2160,7000,2160,0
715000,2060,5649,1360,700
541000,1410,4080,1410,0
245000,1850,7547,1850,0
547000,1370,10038,1370,0
750000,3330,12408,1740,1590
575000,1970,12375,1570,400
216000,1310,8670,1310,0
443000,1640,4579,1640,0
257700,1600,6202,1600,0
278000,1230,9440,1230,0
300000,2240,3691,2240,0
269100,2190,7904,2190,0
402500,990,10752,990,0
306888,1010,7719,1010,0
795000,2920,14210,2920,0
525000,2310,5573,2310,0
1.05E+06,3470,12076,2560,910
452000,1220,6000,880,340
350000,1550,5401,1550,0
410000,2070,6180,2070,0
595000,2060,3600,1180,880
499000,1690,4851,1690,0
340000,2550,7555,2550,0
1.07E+06,3370,7947,3370,0
460000,2230,52983,2230,0
345000,2382,5899,2382,0
280500,1620,7566,1620,0
704000,1140,6120,1140,0
545000,2140,40173,2140,0
335000,1900,7584,1900,0
1.33E+06,3370,7920,1860,1510
420000,2300,8000,1430,870
705000,2040,5050,1160,880
274900,1840,10528,1210,630
499950,2860,3345,2190,670
415250,1400,7550,1400,0
222000,990,7520,990,0
375000,3120,42247,2150,970
300000,1640,5707,1640,0
456700,2820,8879,1540,1280
925500,1970,5200,1970,0
375000,2840,15598,1470,1370
420000,2370,15375,2370,0
575000,2610,7301,2610,0
335000,1340,1951,670,670
428000,1300,7200,1300,0
655000,3340,34238,2060,1280
738000,2630,4896,2630,0
415000,1960,3748,980,980
392000,1090,6125,790,300
555000,1550,4600,1050,500
260000,1770,2677,1770,0
392500,1390,10500,1390,0
912000,2979,17313,2979,0
135000,830,7609,830,0
500000,1560,77536,1400,160
238000,1360,7488,1050,310
251000,1650,5974,860,790
406500,1510,5319,1510,0
433495,3010,10925,3010,0
265000,1510,6071,1150,360
360000,1950,7260,1520,430
425000,1800,12485,950,850
450000,2810,11205,1510,1300
449900,1760,8266,1760,0
345000,2040,5875,2040,0
612500,1690,35346,1690,0
317000,1530,7650,1530,0
585000,1810,3880,1310,500
455000,1180,14292,1180,0
1.04E+06,4090,51908,4090,0
497000,2250,3463,2250,0
226750,1070,6315,1070,0
385000,1820,7102,1220,600
205000,1080,5025,1080,0
745000,2760,13093,2760,0
371000,2550,4770,2550,0
545000,2080,8504,2080,0
443000,1280,5460,1280,0
287000,950,6350,950,0
194000,1050,7577,1050,0
265000,1800,7650,1800,0
1.14E+06,3840,10004,2110,1730
699950,3674,12793,3674,0
433000,1710,7000,1710,0
200000,910,2693,910,0
289571,1340,25160,1340,0
440000,2340,11034,1720,620
400000,1510,8360,1120,390
589000,2630,15000,2630,0
850000,3100,97661,3100,0
520000,940,3000,940,0
555000,1370,1248,1200,170
470000,2480,5082,2480,0
207000,1068,1158,1068,0
379750,2390,9650,1620,770
709000,2170,4600,1270,900
240000,1520,9864,1160,360
445500,2210,10497,1650,560
1.31E+06,3200,7863,1600,1600
210000,1160,10125,1160,0
603000,2670,5895,2670,0
720000,2520,10012,2520,0
92000,760,5500,760,0
600000,1310,5000,1310,0
725000,2750,13950,1380,1370
409950,1790,10300,1270,520
515000,1790,7167,1790,0
495000,2400,11640,1800,600
998000,2420,10200,2420,0
630000,1710,8767,1710,0
410000,2000,7480,1320,680
602000,1580,11580,1580,0
750000,2310,10232,1310,1000
711600,3580,9316,2370,1210
1.05E+06,4320,8709,3190,1130
700500,2560,35265,2560,0
710000,3220,18618,3220,0
250000,1660,13085,1010,650
350000,2420,8400,1620,800
475000,2870,29699,1520,1350
200000,830,7200,830,0
450000,1710,7000,1040,670
316000,2600,4641,2600,0
310000,670,4920,670,0
392000,1500,11975,1500,0
521000,1460,1254,1460,0
495000,1540,7110,960,580
209000,1250,8084,1250,0
809950,2230,9900,2230,0
400000,1800,224769,1420,380
415000,2400,7292,1530,870
411000,2370,76665,2370,0
825000,1830,3600,1230,600
436000,1480,1384,1480,0
460000,2620,8331,2620,0
281000,1300,5782,1300,0
976000,3120,7680,1660,1460
485000,2400,10364,2400,0
429000,1430,9240,1430,0
729000,2480,7428,2480,0
625000,2280,4757,2280,0
218500,1390,9328,1390,0
175000,1030,8395,1030,0
442500,1120,8200,1120,0
480000,1300,3000,1300,0
715500,2410,9668,1540,870
432500,1470,7350,1470,0
875000,4720,18741,3210,1510
605000,2910,13332,2910,0
1.69E+06,5000,12941,5000,0
318000,1690,12662,1090,600
311300,1000,7228,1000,0
325000,2400,7904,1450,950
795000,3330,3705,2610,720
558000,2060,10358,1320,740
370000,3090,18645,3090,0
598850,2350,7245,2350,0
515700,2180,9722,2180,0
458000,1870,5013,1870,0
583500,3530,13000,3530,0
653750,2460,4166,2460,0
299000,1650,4725,1650,0
532000,3480,57499,2340,1140
819000,3176,13391,2726,450
945000,2420,9000,2000,420
608700,2260,9696,2260,0
812000,2380,6122,1310,1070
464000,3400,8970,1700,1700
950000,3770,35081,3770,0
700000,2672,4297,2020,652
435000,1180,4219,1060,120
229500,1810,14400,1810,0
1.58E+06,2610,22672,2610,0
265000,1450,13439,1180,270
995000,1600,64468,1600,0
590000,2650,9380,1680,970
740000,2490,17833,1490,1000
360000,850,7710,550,300
548500,1820,7200,1300,520
599000,1960,4788,1090,870
615000,2350,20820,1800,550
292000,1320,6600,1320,0
899000,3720,30649,3720,0
500000,2210,6500,1030,1180
580000,1910,11550,1910,0
580000,2840,6268,2840,0
594000,1320,5000,1090,230
500000,2440,7600,1420,1020
550000,2420,8056,1680,740
275000,1180,6260,1180,0
390000,1820,7420,1820,0
1.25E+06,3760,8500,3060,700
250000,1560,15340,1560,0
405000,1790,5400,1790,0
213950,1430,7000,1430,0
232000,1390,11340,1390,0
207000,990,10800,990,0
310000,1880,30346,1880,0
540000,2520,5000,2520,0
750000,2060,4000,1580,480
392500,2150,7303,2150,0
305000,2500,12220,1690,810
735000,2390,9157,2390,0
575000,2400,6137,2400,0
175000,660,5000,660,0
291000,1580,6633,1580,0
791500,3250,8970,3250,0
475000,1880,9659,1180,700
238950,1190,11400,1190,0
470000,1280,1257,1040,240
420000,2380,15324,1610,770
440000,2040,7605,2040,0
656000,1440,4300,1290,150
559950,2120,4310,2120,0
600000,990,5416,990,0
255000,1710,12000,1710,0
210750,1840,7076,1840,0
485000,1150,2560,1150,0
390000,2250,8076,2250,0
405000,2460,12600,1810,650
462500,1540,4500,1540,0
435000,2210,14073,1630,580
440000,1440,5434,1440,0
299950,1790,7650,1790,0
440000,1120,1024,1120,0
312620,1260,11877,1260,0
372500,1180,12324,800,380
297262,1730,8076,1730,0
735000,2250,7245,1250,1000
430000,1550,5034,1550,0
241000,1070,9750,1070,0
201000,1460,9750,1460,0
570000,1060,4000,1060,0
538000,1840,9600,1220,620
729000,2440,4244,2440,0
331500,1700,14756,850,850
110700,680,8064,680,0
245000,1700,8448,1700,0
427000,2000,7111,1360,640
650500,2340,5940,1290,1050
335900,1120,7440,1120,0
535000,1510,5133,1510,0
360000,2120,2400,1080,1040
294900,1500,8100,1210,290
460000,1030,5934,1030,0
1.77E+06,5440,38900,5440,0
463000,1150,4400,1150,0
332000,2420,43560,1500,920
199500,1750,8116,1750,0
247000,1750,8116,1750,0
442500,2170,14024,2170,0
600000,2540,237402,2540,0
449000,1690,3827,1690,0
725000,1600,4500,1600,0
215000,1060,7900,1060,0
582500,1990,6549,1170,820
305000,2210,9371,2210,0
734000,3090,7650,2340,750
300000,1050,10072,1050,0
525888,2550,71874,1810,740
711000,2095,4400,1295,800
360000,1520,12282,1220,300
357000,2750,12350,2750,0
235000,1200,9266,1200,0
550000,1830,9720,1150,680
324000,1160,7202,1160,0
420000,1750,9239,1410,340
450000,2400,7693,2400,0
825000,4140,6770,3030,1110
272000,2115,6234,2115,0
481000,2580,15653,2580,0
500000,1220,3400,1060,160
448000,1630,3780,890,740
480000,1350,4220,1350,0
475000,1690,2890,1690,0
472500,1700,2383,1700,0
291000,1890,7616,1260,630
294000,850,5250,850,0
1.01E+06,2480,12688,1820,660
442500,1690,3129,1690,0
170000,810,8424,810,0
1.58E+06,3980,16304,2480,1500
665000,2580,6000,1780,800
1.61E+06,6085,142725,6085,0
675000,2140,5000,1000,1140
279900,1360,10000,1360,0
875000,1800,3245,1800,0
571000,1920,3867,1920,0
320000,860,5060,860,0
525000,2340,35021,2340,0
1.65E+06,4040,20666,2020,2020
137900,1160,5082,580,580
440000,1680,57063,1680,0
360000,1280,3870,640,640
271000,1800,9576,1800,0
465000,4250,23326,2150,2100
280000,2400,4596,2400,0
283000,940,6350,940,0
411500,1110,7208,1110,0
282000,2420,7548,1370,1050
535000,1850,1499,1790,60
554729,2020,4350,1730,290
868000,2020,4350,1730,290
427000,1830,65340,1520,310
455000,1920,6000,960,960
595000,1280,8500,1280,0
400000,3130,5240,3130,0
770000,3920,12415,3920,0
742500,3100,3773,2000,1100
1.25E+06,3220,15600,1680,1540
375000,1670,13775,1670,0
1.56E+06,2700,17853,2700,0
545000,5461,22880,3265,2196
1.05E+06,4400,16625,4400,0
1.57E+06,2190,8500,2190,0
178000,1200,11163,1200,0
262500,1470,10390,1470,0
730000,1650,5000,1650,0
395000,1840,10453,1360,480
355000,1210,6650,1210,0
299990,1870,8541,1870,0
1.13E+06,3890,422096,3150,740
425000,2660,11200,2660,0
349000,1150,7552,1150,0
554950,1740,4816,870,870
326000,2580,8064,1880,700
580000,1720,6975,1420,300
699000,2740,18455,1510,1230
757000,2610,11290,1630,980
335000,1400,7920,1400,0
660000,2570,28500,1970,600
540000,2830,7334,2830,0
320000,2630,8625,2630,0
280000,1580,7918,1580,0
324000,1540,10931,1540,0
300000,2120,7735,1060,1060
360000,1830,10000,1830,0
600000,2260,10153,2260,0
950000,2500,92347,1500,1000
599950,1830,1804,1830,0
190000,1190,7920,890,300
350000,2310,9002,1780,530
522000,1230,4600,1230,0
850000,2940,10809,2940,0
308000,1010,8800,1010,0
1.02E+06,2550,5000,2550,0
397500,1480,5100,1480,0
186000,1460,7967,1040,420
436500,3110,12429,1790,1320
710000,2140,4923,1070,1070
1.38E+06,3450,6360,1860,1590
450000,1960,10682,1960,0
375000,1890,5240,980,910
315000,2080,14659,1040,1040
467500,1700,4165,1700,0
330000,1140,7316,1140,0
665000,3136,54450,3136,0
760000,2590,3889,2590,0
469000,1480,800,1000,480
408000,1500,1473,1120,380
851000,2660,10350,1330,1330
410000,1350,3926,1350,0
235000,860,10500,860,0
207100,1000,4500,1000,0
560000,2480,16360,1510,970
903000,3860,12786,3860,0
998500,2140,4800,1690,450
268500,1820,13600,1120,700
494950,2220,33000,2220,0
1.13E+06,2660,11200,2660,0
250000,1470,12096,1470,0
449000,2350,54450,1250,1100
1.23E+06,2980,7700,2530,450
325000,1870,7700,1870,0
506000,2430,8000,1370,1060
751000,2790,6538,2790,0
280000,1370,22326,1370,0
1.12E+06,4470,60373,4470,0
580000,2040,81021,2040,0
665000,2340,5300,1700,640
450000,2520,8515,2520,0
389900,1710,117176,1710,0
427000,1200,5252,1200,0
265000,1330,12618,1330,0
398000,1310,2996,1310,0
354000,3020,4500,3020,0
339950,2260,6086,2260,0
399000,790,4000,790,0
325000,970,5000,970,0
998800,2250,8000,2250,0
350000,1530,2248,1530,0
1.00E+06,1780,11436,1780,0
561000,2120,5277,2120,0
245000,1500,6685,1190,310
570000,1500,6685,1190,310
845000,2390,4000,1460,930
314500,2390,9600,2390,0
650000,2920,9370,1620,1300
298000,850,5000,850,0
500000,930,3200,930,0
870000,3340,12248,2470,870
299000,710,6732,710,0
527000,2240,6450,1440,800
420000,1060,7638,1060,0
290000,2360,8764,2360,0
1.66E+06,3520,19200,1950,1570
499990,1730,9334,1220,510
315000,1170,4000,720,450
425000,3680,26266,3680,0
630000,2900,46609,2900,0
365000,1290,7205,1290,0
774000,2010,7000,2010,0
368888,1490,12186,1490,0
339500,1930,7862,1930,0
344950,2240,7500,1120,1120
450000,2320,17688,2320,0
814950,2990,6626,2990,0
299900,2200,5730,2200,0
315000,1500,7828,1500,0
880000,3860,9000,1930,1930
195000,1430,5200,1030,400
910000,3750,8279,3750,0
540000,3100,10189,3100,0
306000,1870,5874,1870,0
272000,2040,7600,1580,460
1.30E+06,3700,8504,2750,950
450000,3150,9258,2370,780
450000,1990,12793,1990,0
310000,1740,11075,1740,0
530000,2080,11285,1180,900
435000,2060,10125,1560,500
485000,1590,11222,1590,0
690000,1760,4000,1760,0
305000,1620,4000,1620,0
300000,1210,7000,1210,0
289950,2040,5050,1490,550
575000,2270,9600,2270,0
1.82E+06,6640,53330,6640,0
219000,1060,9600,1060,0
265000,1940,8170,1940,0
1.11E+06,3070,5000,2050,1020
200000,930,7590,820,110
545000,2180,8480,1210,970
378000,2130,8404,2130,0
388000,800,4800,800,0
425000,2200,8384,1250,950
536000,1130,746,1030,100
1.18E+06,1970,23180,1100,870
629950,1680,1620,1120,560
465000,1470,5350,980,490
545000,2390,40510,2390,0
592000,2300,11165,2300,0
446000,2280,43692,1140,1140
375000,1330,816,1330,0
632500,2640,7096,2640,0
459950,2430,9747,1780,650
485000,2470,35073,2470,0
255000,1440,11330,1440,0
251750,1320,7200,1320,0
725000,2810,6300,2810,0
460000,1370,1194,1370,0
625000,2000,6341,1040,960
530000,1980,6760,1980,0
394950,2050,8172,2050,0
324950,2320,9240,1160,1160
330000,1960,1985,1750,210
220000,1910,8171,1910,0
685000,2030,11070,2030,0
500000,2210,7680,1730,480
368000,2610,9426,1360,1250
825000,2520,7975,1550,970
660000,1840,2774,1060,780
253000,1570,7416,1570,0
392500,2400,19923,1320,1080
605000,1930,5400,1930,0
215000,1160,10384,1160,0
650000,2820,15000,2820,0
877500,3060,8000,2040,1020
232500,1320,8450,880,440
234000,1200,3624,1200,0
380000,1560,104108,1250,310
420000,3070,64033,2730,340
399950,1040,9600,1040,0
256750,1990,8991,1570,420
535000,1690,9626,1690,0
515000,1810,2738,1810,0
770000,2520,8442,1640,880
256000,1570,5113,1090,480
489900,1680,8910,1680,0
165000,1250,7200,1250,0
220000,1280,7742,1280,0
575000,4620,20793,4620,0
375000,1580,5725,1580,0
422250,1650,7145,1300,350
420000,1660,9600,1380,280
608000,2410,7140,2410,0
620000,1720,4000,1450,270
850000,3120,12406,1940,1180
463000,2680,9928,1340,1340
750000,2640,13290,1400,1240
1.07E+06,3730,13264,3730,0
290000,1700,6498,1700,0
525000,2280,5959,1250,1030
319000,1220,2980,1220,0
592500,3500,8504,3500,0
350000,2010,14298,2010,0
454900,2130,9775,1430,700
272000,1800,9018,1800,0
357500,1070,10125,1070,0
285000,1020,5000,1020,0
280000,1600,6861,1600,0
477000,1380,7800,1080,300
750000,3270,168000,3270,0
595000,2100,3125,1400,700
525000,2110,2850,2110,0
319000,1640,53400,1640,0
225000,1320,5665,1320,0
485000,2420,10603,1210,1210
341000,1390,4814,1390,0
674000,2320,6744,1930,390
442250,2170,8169,2170,0
591000,2710,38180,2710,0
276000,1450,8928,1450,0
394000,1370,4400,1370,0
355000,1810,3192,1070,740
260000,1420,14850,1020,400
300000,2090,9620,1340,750
310000,2090,9620,1340,750
209000,1330,6900,1330,0
344950,1330,7419,1330,0
230000,1910,7200,1110,800
336950,2310,7680,1410,900
700000,2500,7378,1390,1110
230000,1310,7332,1310,0
443500,2040,21781,2040,0
471000,2040,21781,2040,0
595000,2400,16301,1400,1000
470000,1400,4914,1400,0
600000,1700,7800,1700,0
1.38E+06,3160,9525,3160,0
427800,1340,13241,1340,0
445000,1470,8395,1470,0
382000,1790,7679,1790,0
577000,1560,20251,1200,360
427000,2620,108464,2620,0
255000,1580,8206,1100,480
240000,1090,10000,1090,0
1.23E+06,3240,6551,2500,740
435000,2520,7200,1260,1260
1.45E+06,2230,13529,2230,0
425000,2430,5502,2430,0
393000,1020,4200,1020,0
264950,1810,7500,1410,400
746500,3460,9699,3460,0
450000,2020,8100,1170,850
229950,1410,7466,1410,0
425000,750,4000,750,0
2.56E+06,5300,26211,4570,730
1.40E+06,4380,66613,4380,0
753000,2290,9047,2290,0
310000,720,5750,720,0
395000,1200,6014,600,600
725000,2620,28703,2620,0
295000,2120,7650,2120,0
225000,1580,8820,1580,0
1.70E+06,4160,35153,3690,470
431000,1830,8831,1460,370
358500,2000,8057,1360,640
595000,980,3600,980,0
468000,3040,20682,3040,0
260000,1740,8100,1020,720
375000,1450,7300,1450,0
295000,1560,4200,1560,0
403900,2050,8909,1690,360
269950,1760,12823,1460,300
640000,1740,1975,1310,430
221000,910,8789,910,0
255000,1700,7532,1700,0
300000,2620,4469,2620,0
270000,1500,7410,1500,0
575000,1630,5750,1160,470
246900,1370,9800,1370,0
635000,1390,1132,1130,260
450000,1540,67756,1540,0
215000,1190,7500,1190,0
785000,4500,21870,4500,0
522500,2370,8154,1380,990
150000,1360,1934,1360,0
199950,870,18537,870,0
3.00E+06,4850,12445,3850,1000
379900,3110,44967,3020,90
950000,3700,7051,3700,0
865000,3500,5150,2430,1070
785000,1670,9600,1670,0
245700,1640,8400,1180,460
951000,3400,12825,3400,0
499950,2060,3500,1030,1030
257000,1330,36537,1330,0
549000,2330,3600,1580,750
1.60E+06,3040,21052,3040,0
1.40E+06,3700,7920,2900,800
619000,1990,3000,1430,560
311000,2020,5917,1220,800
600000,2980,7781,1580,1400
1.08E+06,3990,5267,3990,0
436000,790,6600,790,0
205000,1060,8000,1060,0
514000,2260,54014,1450,810
530000,1900,2983,1900,0
511000,3361,6983,3361,0
2.10E+06,3550,19865,3550,0
370000,2740,5460,2740,0
500000,2040,6000,1020,1020
710000,4070,129808,4070,0
270000,720,5196,720,0
415000,2000,8400,2000,0
1.80E+06,4400,15580,3390,1010
236000,1300,8976,1300,0
278000,1420,2229,1420,0
312000,1540,5338,770,770
539000,1540,5338,770,770
498000,2360,2750,1780,580
857000,3720,29043,3720,0
780000,1690,13500,1690,0
650000,2300,5000,1150,1150
559500,1650,7088,1650,0
219950,990,6448,990,0
671500,2130,8410,2130,0
813000,3320,52707,3320,0
182000,1960,8875,1290,670
203700,770,2500,770,0
740000,2010,3600,2010,0
230000,800,17965,800,0
128000,910,11117,910,0
345000,1200,6628,1200,0
663000,3570,6246,3570,0
329950,1820,8085,1820,0
1.05E+06,2930,7005,2670,260
402300,1480,4050,870,610
492000,3305,16164,2245,1060
448000,2230,5000,1650,580
273000,1560,7800,1560,0
335000,1030,7200,880,150
695000,2380,3600,1690,690
279000,1010,7903,1010,0
485000,2060,2700,1030,1030
383000,2370,10580,2370,0
490000,2242,37451,2242,0
240000,1078,1263,1078,0
285000,890,7250,890,0
524950,2700,24539,2120,580
729000,2450,27081,2450,0
460000,1420,8250,1420,0
687500,1280,2114,1280,0
1.17E+06,2910,15118,1780,1130
825000,2430,10050,2430,0
314950,1860,6359,1860,0
470000,1800,12669,1800,0
500000,1960,8815,1020,940
313000,1550,7260,1550,0
445000,840,3840,840,0
300000,2080,8750,1330,750
619500,2210,5077,1480,730
305000,1210,5240,610,600
874000,1350,941,1350,0
477500,1860,5146,1860,0
700000,1940,4500,1090,850
515000,3400,5222,3400,0
590000,2240,9385,2240,0
205000,1170,8239,1170,0
310000,3130,9302,2190,940
442500,1510,7280,1510,0
1.08E+06,3740,41458,3740,0
530000,2690,46609,2690,0
343500,1760,6204,1180,580
334900,2180,4066,1270,910
544300,1560,9000,1560,0
370000,1780,4050,1780,0
245000,1260,6908,1260,0
535000,1570,3250,1570,0
202000,740,6550,740,0
490000,2020,4960,1710,310
651500,1500,3075,1420,80
270000,1670,8056,1170,500
1.16E+06,3620,8072,2920,700
289000,1010,1309,860,150
240000,1460,13503,1460,0
790000,1790,6117,1350,440
350000,1760,9621,1760,0
246950,1790,1682,1480,310
400000,1050,6000,1050,0
533000,2590,6394,2590,0
198400,1040,8645,1040,0
495000,4060,8547,2790,1270
862000,3190,14565,3190,0
870000,3190,14565,3190,0
875000,2180,9726,2180,0
317000,2120,5840,2120,0
325000,2110,6838,2110,0
615000,1210,5000,1210,0
334950,2410,7846,2410,0
775000,1980,7807,1980,0
600000,2370,9135,1600,770
565000,1720,2218,1270,450
292500,750,5026,750,0
825000,2510,10418,1810,700
495000,2577,156816,2577,0
525000,1540,4773,1540,0
438600,720,2500,720,0
507000,1810,8158,1450,360
275900,1380,8400,1380,0
1.17E+06,2570,6251,2570,0
275000,1690,6000,1690,0
355000,1420,3060,860,560
233000,2130,9579,1250,880
666000,3000,5000,2110,890
317500,2150,9000,1360,790
420000,2280,10319,1270,1010
290000,1560,8800,1560,0
320000,1880,10758,940,940
650000,2320,5284,2320,0
325000,1010,7171,1010,0
165000,1120,5000,1120,0
500000,1560,16194,1560,0
443000,1860,12197,1860,0
213400,1150,8686,1150,0
480000,1920,9380,1920,0
275000,2490,7233,1460,1030
299880,1460,3044,1460,0
499950,1820,1501,1430,390
1.71E+06,4290,17100,2480,1810
550000,2230,9460,1480,750
300000,2070,7476,2070,0
920000,2480,4000,1240,1240
2.30E+06,4110,15929,2720,1390
620000,2290,3060,1550,740
253500,1220,20400,1220,0
978000,2620,13777,1720,900
387500,3190,9856,3190,0
325000,850,6906,850,0
568000,1740,1308,1740,0
525000,2140,7754,2140,0
560000,2070,12708,2070,0
394000,1680,4075,1680,0
484950,1000,4956,1000,0
1.30E+06,3340,12690,2550,790
315000,1260,2767,1260,0
590000,2430,32496,2430,0
106000,560,5700,560,0
751000,3380,9528,3380,0
474000,1100,3500,1100,0
189000,1700,3171,850,850
440500,1600,3172,1600,0
1.02E+06,2605,2216,2090,515
589000,1850,4667,1850,0
273000,1830,7651,1830,0
950000,3050,18892,1650,1400
277700,1240,1055,1200,40
299900,2100,8163,2100,0
235000,1250,15603,1250,0
464000,1230,4800,1230,0
281000,1690,9826,1690,0
320000,1520,8870,1520,0
282000,1890,6302,1890,0
745000,1990,8900,1990,0
245000,1480,3900,1480,0
250000,1480,3900,1480,0
470000,2120,2374,1770,350
216650,1480,1077,1300,180
440000,1250,8412,1250,0
590000,2010,7972,2010,0
935000,3150,35283,1800,1350
848000,3010,5717,3010,0
827500,3920,5823,3000,920
1.13E+06,2880,3192,2180,700
630000,2550,5663,1720,830
340000,1120,9022,1120,0
570000,3140,10918,1900,1240
2.75E+06,4130,5575,2860,1270
514500,2990,9614,1740,1250
360000,1120,12625,1120,0
228900,1570,8775,1570,0
660000,2210,4000,2210,0
647000,2390,5800,2390,0
366000,1520,8625,1520,0
354000,1830,7986,1060,770
850000,2640,5900,2640,0
496700,1740,5782,1740,0
300000,1550,8300,1550,0
390000,1040,8075,1040,0
350000,1640,7200,1640,0
561000,1640,7200,1640,0
475000,1260,10065,1260,0
275000,1170,1174,840,330
290000,1590,13500,1090,500
199000,1750,6725,1330,420
279900,1770,4338,1770,0
1.66E+06,3530,5500,2860,670
405000,2160,10200,1360,800
615000,2360,15860,2360,0
268000,1980,12543,1180,800
451000,1620,5444,1620,0
850000,2700,9854,2700,0
1.18E+06,3270,16553,2470,800
245000,870,6150,870,0
450000,840,3340,700,140
370350,1340,1168,1080,260
543000,1540,1256,1540,0
265000,1650,8975,1650,0
497000,2630,4611,2630,0
419000,1880,9727,1100,780
545800,1980,4500,1980,0
403000,1500,10730,1000,500
195000,1230,8235,1230,0
1.13E+06,2520,2600,1670,850
255000,1970,8925,1170,800
500000,1520,8040,1520,0
855000,2600,5390,1300,1300
390000,2290,9200,2290,0
339000,1979,8470,1329,650
1.33E+06,2170,3672,2170,0
429900,1820,17918,1190,630
370900,1200,8560,1200,0
457500,1210,7636,1210,0
499000,1970,2601,1440,530
225000,1040,11500,1040,0
615000,1920,4000,1070,850
455000,1020,1146,1020,0
458000,1660,7500,1060,600
580000,1670,7416,1220,450
966000,3810,8019,3810,0
240000,2020,10332,1010,1010
229050,420,3298,420,0
328500,1390,1407,1390,0
319000,2010,10100,1110,900
650000,1820,5000,1640,180
398500,1630,1971,1630,0
250000,800,16306,680,120
815000,2270,11989,2270,0
1.07E+06,2290,5002,1950,340
510000,2750,219542,1870,880
156000,590,6138,590,0
254500,2570,7264,1720,850
760000,2050,15020,1600,450
210000,1610,6732,1610,0
349950,2140,7715,2140,0
676000,1730,6784,1730,0
475000,2440,3052,1940,500
880000,3220,4392,2320,900
1.21E+06,4330,26162,4330,0
420000,1780,5000,1030,750
607000,1230,8114,1230,0
475000,2160,19283,2160,0
395000,1400,2500,710,690
650000,1900,10454,1180,720
625000,2910,85377,1510,1400
849000,2960,42159,2960,0
429950,2010,9480,1570,440
825000,3760,5260,3230,530
505000,1020,5000,1020,0
265000,1290,2828,1290,0
283000,890,8400,890,0
560000,1620,7500,1140,480
765000,3360,13636,3360,0
610000,2930,31411,1520,1410
589000,2940,4799,1710,1230
192500,1080,8580,1080,0
3.20E+06,4560,13363,2760,1800
550000,1010,6120,860,150
460000,1790,3760,1280,510
264500,2060,11385,1200,860
339000,1150,2496,1010,140
950000,4030,4200,4030,0
677500,2020,9718,2020,0
690000,2740,8120,2740,0
312000,1930,7452,1430,500
840000,2500,11617,1560,940
357500,2080,5100,2080,0
675000,1460,6480,980,480
515000,3290,11441,3290,0
491234,1540,1860,1540,0
290000,1310,6265,1310,0
490000,2120,7820,1280,840
810000,2920,10424,1520,1400
252000,1150,13200,1150,0
299999,2380,9719,2380,0
400000,2220,5000,2220,0
530000,3020,6000,1860,1160
357000,2460,53882,2460,0
365000,1820,5555,1030,790
804000,2620,5060,2620,0
808250,1750,2640,1010,740
360000,2020,7289,2020,0
240000,1240,10956,1240,0
335000,1380,5840,1380,0
380000,1920,8775,1920,0
350000,1680,250470,1070,610
194000,1400,7955,1400,0
310000,1240,7194,1090,150
315000,1410,15134,1410,0
258950,1440,8050,1440,0
479000,1230,932,1020,210
510000,1550,9750,1550,0
400000,1760,6875,1760,0
1.45E+06,5000,38012,3610,1390
680000,2140,5000,2020,120
1.75E+06,3510,5760,3510,0
335000,2010,9417,1500,510
460000,3390,9760,1750,1640
440000,2160,8119,1080,1080
412250,1300,2983,1300,0
185000,1280,4031,1280,0
286500,1840,8140,1040,800
422000,3200,6691,3200,0
408000,2800,35362,2800,0
306500,1390,19988,1390,0
359900,2600,5188,2600,0
560000,1960,6058,1960,0
259875,1250,21303,1250,0
385000,1250,21303,1250,0
188000,550,16345,550,0
1.14E+06,2500,5801,1960,540
255000,1250,10094,1250,0
1.19E+06,3020,8622,3020,0
635200,1640,4240,920,720
355000,1870,8250,1870,0
544000,1760,1755,1760,0
402000,1320,3145,1320,0
575000,1430,4163,1430,0
216000,1580,9705,1580,0
1.20E+06,4170,9748,4170,0
850000,3090,6744,3090,0
238000,1020,1204,720,300
625000,2180,4431,2020,160
1.11E+06,3350,4000,2510,840
820000,2510,5503,2510,0
355000,1880,5290,1250,630
495000,1810,7998,1210,600
1.30E+06,4170,33310,4170,0
398750,2230,4000,2230,0
835000,3650,7784,3650,0
705000,2830,10579,1430,1400
625000,2120,5000,2120,0
550000,2090,6926,2090,0
540000,2600,5085,1400,1200
519000,830,2820,830,0
311000,1975,8734,1975,0
305000,1900,7000,1420,480
395000,2640,35070,2640,0
275000,1610,6923,1010,600
450000,1770,1863,1430,340
324000,1070,6000,1070,0
2.80E+06,4590,12793,3590,1000
565000,1540,2452,1540,0
373000,1590,7920,1590,0
613000,1170,1890,1170,0
614000,2880,9996,1920,960
595000,2510,8989,1680,830
440000,1280,12086,850,430
425000,1570,12412,1570,0
407000,740,6380,740,0
472000,1740,9038,1740,0
472000,1180,1262,1180,0
1.25E+06,2960,28300,2160,800
412000,1880,5752,940,940
717000,1150,5000,1150,0
425000,1320,7076,1320,0
299999,1640,7200,820,820
254000,1470,7694,1470,0
178500,900,10511,900,0
800000,1510,3600,1230,280
420000,1440,5623,720,720
319900,1380,9251,1380,0
350000,1150,7552,1150,0
968000,3610,17580,2070,1540
491000,1250,1306,1250,0
948000,3510,9824,3510,0
900000,2260,9577,1700,560
270000,2840,9800,1420,1420
198000,1430,7347,820,610
250000,1420,21158,1420,0
615000,2120,3720,2120,0
550000,2080,7749,2080,0
190000,1370,3438,1370,0
629000,1900,11171,1280,620
434000,1660,8301,1660,0
415885,1310,4163,1310,0
550000,1840,3035,920,920
272000,1040,6034,580,460
665000,2610,35000,2610,0
510000,1990,7405,1990,0
530000,3080,17700,1740,1340
355000,1200,16000,1200,0
255000,1250,9102,1250,0
790000,2640,9000,2640,0
695000,1790,9335,1790,0
255000,1140,8400,1140,0
410000,1790,5794,1380,410
650000,1910,16532,1420,490
675000,1530,3615,1530,0
332888,1050,1029,950,100
300000,1730,6900,1130,600
320000,1100,11824,1100,0
342500,2100,10726,1050,1050
752875,2800,72309,2800,0
1.73E+06,5000,26540,3410,1590
255000,880,1642,500,380
244000,1470,9337,1470,0
1.42E+06,3950,11438,3430,520
218000,980,12812,980,0
359000,2180,10617,2180,0
840000,3040,13559,3040,0
900000,4130,226076,3170,960
205000,1850,65340,1850,0
205000,1600,7295,1600,0
500000,2070,5432,1370,700
510000,3180,5405,3180,0
1.14E+06,6900,244716,4820,2080
1.55E+06,2640,3000,2080,560
210000,1920,61014,1920,0
597500,2030,32565,1600,430
400000,1140,101529,1140,0
412000,1660,6992,1260,400
299950,1390,1756,1390,0
1.08E+06,2490,4325,1690,800
422500,2550,8824,2550,0
410000,1270,10227,1270,0
1.40E+06,2980,7000,2140,840
245000,1470,8000,1470,0
720000,3550,12327,2180,1370
315000,780,7200,780,0
191950,1390,1302,1390,0
455000,2440,5001,2440,0
523000,1260,3135,1260,0
250000,1640,4420,1640,0
294000,1670,4120,1140,530
490000,2380,6000,2040,340
310000,1030,5750,1030,0
265000,1560,10489,1560,0
402000,1640,10500,1010,630
705000,2200,188200,2200,0
589450,3190,7941,3190,0
219950,1200,8404,1200,0
750000,2250,5301,1510,740
478000,1960,6000,980,980
170000,1250,7015,1250,0
489950,2640,31941,2640,0
1.37E+06,2460,16940,1930,530
319950,1700,7000,1700,0
208417,840,4200,840,0
410000,1900,5100,950,950
590000,2160,4205,1080,1080
648000,1610,10229,1610,0
255000,1720,6194,1720,0
465000,2190,3267,2190,0
622000,3020,10714,1510,1510
306000,1980,9800,1980,0
617000,1880,5500,1880,0
438750,1610,6480,1610,0
1.28E+06,3260,4500,2300,960
995000,3970,8029,2970,1000
1.58E+06,4570,74487,4570,0
635000,2620,5500,1710,910
215000,1180,9000,1180,0
530000,1365,1090,1315,50
295000,720,4125,720,0
245000,1350,6775,930,420
400000,3060,17112,1530,1530
303000,1850,8820,1850,0
330000,1320,9675,1320,0
700000,1990,13000,1990,0
126000,610,4400,610,0
850000,2500,35802,2500,0
405000,1440,7425,1440,0
869900,2750,4400,1770,980
485000,1790,6775,1790,0
400000,1050,1173,720,330
299950,1780,4650,1780,0
585000,2200,9099,2200,0
495000,1720,5413,1470,250
2.20E+06,5840,17168,4570,1270
447000,1520,14080,1520,0
206000,1320,9239,1320,0
500000,1070,4600,950,120
302500,1990,5511,1990,0
1.25E+06,4980,13000,3080,1900
391000,890,5423,890,0
250000,1440,5457,1440,0
435000,2440,5350,2440,0
160000,1800,14722,1440,360
451000,2260,6508,1330,930
206000,810,7158,810,0
590000,2240,5400,1540,700
695000,4560,17622,3800,760
350000,1550,40752,1550,0
1.24E+06,3180,4628,2420,760
395000,2950,11200,1700,1250
419000,2190,9652,2190,0
592350,1570,4665,1570,0
855000,3420,5669,2620,800
771000,2420,7200,2420,0
325000,1570,43350,1570,0
1.85E+06,3680,6060,2630,1050
545000,1910,6731,1210,700
615000,1780,5175,990,790
625500,2160,7439,1300,860
232000,1460,15000,1460,0
168000,1370,7439,1370,0
238000,1370,7439,1370,0
260000,1500,7401,1500,0
460000,1210,7500,1210,0
900000,2850,11535,1680,1170
289950,1090,8280,1090,0
265000,1450,5858,1450,0
465000,1820,20349,1340,480
370000,1320,7201,1320,0
240000,1670,9880,1670,0
232000,1440,5911,1440,0
237502,980,7560,980,0
1.28E+06,4340,5500,2850,1490
957000,2860,11545,1430,1430
218000,1140,4875,1140,0
205000,1120,8366,1120,0
350000,1460,1592,1130,330
256000,2050,5787,2050,0
275000,1250,7654,1000,250
372000,2520,9604,2520,0
688888,2580,9825,1760,820
170000,1200,24792,1200,0
530000,2140,7910,1070,1070
905000,3440,7661,3440,0
365000,1800,5070,1080,720
312000,1790,10584,1290,500
400000,1250,7680,1250,0
278750,800,5765,800,0
510000,1410,11995,1410,0
527700,1330,806,1330,0
740000,2890,4000,2190,700
512000,2550,17209,2550,0
362000,2880,8216,2880,0
225000,660,6600,660,0
491500,1470,4322,1470,0
429950,1700,10230,1320,380
375000,1040,9800,1040,0
199400,880,4000,880,0
364900,2490,9346,2490,0
324950,1210,7560,1210,0
467000,2080,4000,1040,1040
380000,1380,5400,1380,0
250000,1620,10850,1620,0
700000,1680,4021,1680,0
206990,1330,9620,1330,0
670000,1730,3400,970,760
315000,790,6969,790,0
319950,2240,7500,2240,0
419000,1500,8272,1500,0
205000,1800,11419,1800,0
335000,1980,4745,1980,0
397000,1340,5100,1340,0
370000,750,2020,750,0
330000,1790,9920,1170,620
1.79E+06,5490,14300,2910,2580
399000,1940,16300,1140,800
400000,2670,189486,2670,0
249900,1220,6404,1220,0
717000,1310,3880,1090,220
319000,1930,8336,1930,0
635000,2100,3800,2100,0
355000,1180,7573,1180,0
1.60E+06,4320,32840,4320,0
585000,3140,12519,2320,820
320000,2320,7800,1160,1160
305495,2110,10200,2110,0
240000,1790,14690,1670,120
199950,1740,8750,1740,0
1.62E+06,3820,8114,3820,0
770000,2050,21744,1750,300
255000,1680,3179,1680,0
289000,1930,8925,1930,0
494500,3760,8804,2470,1290
746000,2370,9619,1650,720
385000,2120,13000,2120,0
688100,2370,10513,2370,0
870300,2350,3150,1690,660
310000,1180,8474,1180,0
500000,2270,5654,2270,0
255000,1830,7770,1400,430
1.48E+06,3910,7080,1970,1940
154500,890,9465,890,0
425000,1820,8058,1260,560
700000,2440,7491,2440,0
410500,1110,3943,740,370
432000,1870,7080,1210,660
530000,1240,4080,1240,0
465000,1560,8640,1560,0
498688,1910,5600,1910,0
573500,2200,21450,1600,600
349900,2530,13474,2530,0
220000,1130,12519,1130,0
260000,820,6771,820,0
290000,960,4000,960,0
615000,1980,3240,1780,200
730000,3370,5638,2250,1120
1.95E+06,7420,167869,7420,0
332500,1800,10500,1800,0
650000,3990,10120,2820,1170
1.40E+06,4070,7800,3390,680
465000,1640,7194,1480,160
690000,3730,11820,2460,1270
289900,1220,7004,1220,0
1.62E+06,3490,4000,2570,920
339950,1730,4286,1730,0
367999,3430,8000,3430,0
380000,2320,10079,2320,0
440000,2030,17100,2030,0
975000,4850,36450,4850,0
309500,1340,13560,1340,0
350000,1130,8201,1130,0
215000,1180,2521,1180,0
254000,910,6000,910,0
567000,1630,4275,1630,0
402000,710,1173,710,0
365000,1520,80150,1520,0
625000,2820,8408,2820,0
432000,1970,5160,1970,0
335500,2240,19090,1700,540
672500,1860,5940,1020,840
336000,1780,4310,1780,0
294400,1788,10183,1788,0
541900,1880,3054,1880,0
505000,2300,11400,1520,780
255000,1610,6176,1610,0
435000,2270,11970,1470,800
636000,1230,3600,1230,0
655000,3420,33106,3420,0
280500,1670,6988,1370,300
520000,1120,6141,900,220
354000,2580,5476,2580,0
810000,3847,17654,2299,1548
400000,3630,42884,2300,1330
879900,3580,12000,1840,1740
1.29E+06,4050,11358,2780,1270
902500,3240,23522,2130,1110
900000,1540,8400,1540,0
419500,2550,7200,2550,0
685000,2340,6000,1270,1070
429950,2320,4524,2320,0
464950,1640,6000,1640,0
239900,910,9000,910,0
406250,2550,11524,2550,0
447000,2660,8027,2660,0
466800,1480,14250,1480,0
674000,2810,11560,1740,1070
525000,830,3200,830,0
674950,3510,92347,3510,0
374900,2480,4950,2480,0
1.44E+06,3720,5000,2720,1000
559500,2150,9250,2150,0
522500,2370,7875,2370,0
1.13E+06,4310,28008,4310,0
498500,2990,7420,2990,0
571000,1350,4000,1350,0
543000,2370,217800,1600,770
271920,1410,10248,1410,0
104950,1170,8254,1170,0
485500,1800,4500,1800,0
1.21E+06,3650,6982,2530,1120
260250,1490,8357,1490,0
875909,3610,13292,3610,0
455000,2050,94525,1250,800
309000,1092,7500,1092,0
229000,2010,7688,1170,840
250000,1680,7900,1680,0
600000,2510,38141,2510,0
535000,2280,65836,2280,0
571000,2510,5186,2510,0
1.03E+06,3190,16920,1690,1500
600000,4690,14930,3680,1010
469500,1850,12000,1300,550
1.15E+06,4160,13170,3040,1120
785000,2220,4000,1970,250
872750,2870,13695,2870,0
900000,3950,10214,2050,1900
350000,1740,6620,1740,0
2.58E+06,4780,20440,3660,1120
940000,3160,39960,3160,0
185000,1990,27810,1990,0
850000,3920,37122,3920,0
201000,960,15273,960,0
499000,1540,6549,1540,0
315000,1970,5190,1970,0
509950,1880,4668,1880,0
286300,2000,6405,1260,740
590000,1990,8325,1310,680
325000,1400,9384,1400,0
625000,3190,27806,3190,0
378000,1000,6914,1000,0
239950,1670,6900,1170,500
550000,2100,4500,1060,1040
325000,1010,6180,1010,0
831000,2030,3905,1630,400
249000,1090,10296,1090,0
484000,2440,16730,1390,1050
395000,2500,6278,2500,0
839900,3420,7462,3420,0
760000,2850,11000,2850,0
750000,2030,3300,1530,500
3.00E+06,4590,11265,3450,1140
440000,2230,5800,2230,0
501000,1810,7523,1170,640
739000,4000,7500,4000,0
685650,1490,16200,1490,0
1.01E+06,4225,284011,4225,0
980000,2120,4000,1920,200
275000,1030,7184,1030,0
319950,2310,8045,1650,660
448500,1830,7943,1830,0
437000,2120,137565,2120,0
330000,2500,9448,1250,1250
365000,2470,7700,2470,0
329000,940,7700,940,0
681500,3260,11700,1630,1630
566000,1660,10140,1370,290
897500,4370,217882,4370,0
738000,2620,9112,2620,0
185000,1500,7800,1500,0
445000,910,7200,830,80
175000,1430,4920,1430,0
315000,900,8556,760,140
445000,1250,7400,1250,0
1.40E+06,3850,14990,2290,1560
832500,3450,35100,3450,0
771150,3950,12320,3950,0
225000,1950,12559,1950,0
389950,1700,6396,1700,0
435000,2370,6082,2370,0
845000,1600,2538,1600,0
1.30E+06,4060,5500,2660,1400
350000,1322,1796,1087,235
250000,1140,10400,1140,0
370000,1280,2096,1080,200
750000,3080,4553,3080,0
439950,1210,3000,910,300
395000,1950,10219,1950,0
375000,1450,6820,1450,0
263000,1590,7748,1590,0
185000,1240,9198,1240,0
500000,1440,54315,790,650
920000,3470,10045,3470,0
936000,5100,21802,3640,1460
1.50E+06,2430,12757,1340,1090
1.10E+06,2420,7200,1420,1000
247000,1510,10875,1150,360
289500,1200,5525,1200,0
432500,2240,6396,2240,0
680000,1870,4320,970,900
589000,1110,6000,1110,0
756450,3210,8400,2040,1170
536650,2090,8910,1230,860
540000,1320,1800,1320,0
385000,1340,3850,1340,0
485000,1020,6120,1020,0
240000,1220,17652,1220,0
415500,1220,17652,1220,0
550000,1390,2688,1390,0
1.26E+06,2970,5400,2970,0
430000,1440,213008,1440,0
415000,1550,4257,830,720
365000,1904,8200,1904,0
257000,1400,8500,1400,0
420000,2140,3821,2140,0
338995,1320,9450,1320,0
615000,2620,8280,1330,1290
312500,2300,5570,2300,0
513000,2000,5684,2000,0
857500,2960,5040,2210,750
1.06E+06,2700,22343,2700,0
585000,1740,9500,1150,590
350500,1770,4950,1770,0
215000,1290,9312,1290,0
440000,1450,8400,1450,0
270000,1420,7800,1130,290
385000,1330,7020,1330,0
688500,1760,4125,1760,0
700000,2010,4905,1230,780
585000,2560,14467,1280,1280
401000,1260,2625,1260,0
655000,2420,7725,1890,530
317000,1010,5400,1010,0
500000,1770,8155,1770,0
314963,890,6350,890,0
715000,1670,5060,1670,0
280000,1360,9600,1360,0
531000,2120,9736,2120,0
617000,1910,4488,1910,0
440000,1480,7560,1480,0
140000,1090,10114,1090,0
661000,1670,13125,1670,0
697000,1670,13125,1670,0
1.20E+06,3650,13297,2750,900
535000,1970,3515,1030,940
404500,1320,3060,1320,0
396500,1710,5110,1100,610
450000,1740,9488,1180,560
605000,2200,2400,1740,460
699000,2010,4320,2010,0
805000,3910,19023,3910,0
156000,470,15000,470,0
595000,2330,7064,1780,550
285000,1930,7200,1930,0
725000,3270,6055,3270,0
216300,1650,5000,1650,0
410000,2220,8450,1260,960
597000,2470,4600,1140,1330
325000,1300,9300,1300,0
355000,2530,9375,1530,1000
338000,2400,8215,1200,1200
210000,1500,5393,1500,0
423000,1700,9000,1700,0
249500,2120,8554,1170,950
325000,2240,5105,2240,0
257000,1540,8223,1070,470
550000,1890,100623,1890,0
490000,1260,9638,1260,0
299000,1160,3838,1160,0
295000,1300,39639,1300,0
630000,3220,14463,3220,0
320000,2020,8474,1010,1010
1.11E+06,2990,8640,2100,890
398000,1420,6458,1420,0
218000,1020,7874,1020,0
590000,2400,104108,2400,0
1.60E+06,3640,8239,2540,1100
348500,1550,1824,1550,0
592500,1870,4751,1870,0
505000,2340,5957,2340,0
1.43E+06,3350,3600,2260,1090
502000,1710,5000,1140,570
257500,1180,9265,1180,0
405000,1600,7500,1600,0
427000,1300,5111,1300,0
290000,1040,9997,1040,0
222000,1220,7695,1220,0
315000,2240,6097,2240,0
371000,1420,4500,1420,0
279900,1580,6620,1580,0
250000,2390,23522,1890,500
599000,2260,29930,1400,860
267300,1890,93218,1890,0
585000,1830,7200,1070,760
350000,1000,8268,1000,0
506000,2180,7700,1480,700
400000,2320,210830,2320,0
151100,840,4495,840,0
251000,840,4495,840,0
555000,2350,8140,1430,920
467500,2040,273556,2040,0
479000,2370,30378,2370,0
247000,1590,9350,1060,530
299500,1380,10875,1380,0
306888,1940,8970,1270,670
675000,3320,244807,3320,0
577000,1090,5265,1090,0
219950,1650,9936,1090,560
375000,1110,5500,1110,0
650000,2110,6820,1530,580
975000,1850,5000,1850,0
229000,600,3720,600,0
575000,2760,4000,1730,1030
815000,2970,14880,1560,1410
525000,2300,43560,1350,950
471000,2030,2805,1720,310
450000,2160,4333,1260,900
590000,1650,6150,1650,0
744000,3140,7260,2200,940
460000,2690,36114,2690,0
299000,1940,9389,1290,650
231000,1220,5120,1220,0
195000,1300,9600,1300,0
305000,1660,11500,1130,530
895000,3390,6200,2530,860
1.11E+06,2310,13300,1890,420
339000,950,7954,950,0
885000,2400,3520,1370,1030
375000,1780,5236,1050,730
367400,1280,7400,1280,0
700000,1930,5398,1430,500
667000,2560,10360,1870,690
200000,920,5250,920,0
552775,1900,18414,1900,0
452000,2270,148975,1270,1000
418000,2080,16050,1360,720
601500,1460,10128,1460,0
600000,1670,39639,1670,0
340000,2810,6481,2810,0
310000,2370,6752,2370,0
290000,1700,18000,1700,0
438000,1630,9255,1630,0
718000,2930,4408,1660,1270
200000,860,6600,860,0
479900,1980,12150,1980,0
400000,2080,7877,2080,0
219950,1060,10042,1060,0
300000,1590,3381,1590,0
437000,1980,8775,1290,690
350000,1720,7210,860,860
626000,1350,9293,1350,0
490000,2080,12032,2080,0
289000,2090,4700,2090,0
595000,2030,5100,2030,0
676000,2680,41804,2680,0
389000,1820,8028,1220,600
240000,1300,5000,1300,0
382500,2210,7079,2210,0
511555,1400,7293,1400,0
710500,2040,4125,1540,500
429000,2420,49928,1860,560
170000,1920,7500,1920,0
2.14E+06,3860,17820,2630,1230
480000,2760,7200,1430,1330
1.67E+06,3450,8395,2640,810
225000,1040,6535,1040,0
615000,2220,7224,2040,180
438950,2470,385506,2470,0
242000,1300,9856,1300,0
560000,1960,9686,1460,500
857500,2040,3960,2040,0
685000,3030,7864,3030,0
486000,2260,7336,2260,0
749000,2670,10338,2670,0
260000,1520,6298,1520,0
1.02E+06,3610,8502,2610,1000
565000,1130,5111,930,200
355000,1480,2502,1480,0
775000,3540,9970,3540,0
335000,2100,7305,1050,1050
1.30E+06,3366,7800,2966,400
545000,1810,3000,1810,0
540000,1680,4240,1680,0
687500,2450,9377,1540,910
115000,1150,9812,1150,0
227000,1150,9812,1150,0
870000,3240,7621,3240,0
1.19E+06,3480,12164,3480,0
375000,2800,5000,2800,0
902000,3240,7200,1620,1620
269500,1480,7276,940,540
570000,1700,4750,1200,500
359950,1240,7590,1040,200
1.45E+06,3720,8301,2880,840
615000,1910,3427,1910,0
250000,2120,8701,2120,0
530000,3020,6788,3020,0
474950,2250,222156,2250,0
490000,1650,6480,1650,0
210000,880,1157,880,0
265500,1860,9225,1860,0
1.46E+06,3840,4800,2750,1090
310000,2192,12128,2192,0
324500,1590,4108,1590,0
599000,3700,11000,1840,1860
525000,3670,9958,3670,0
400000,1630,10304,1630,0
887500,4230,54977,3780,450
344000,1060,3325,770,290
525000,2700,7434,2700,0
385000,2110,8000,2110,0
820000,3720,8633,3720,0
1.31E+06,3440,5000,2560,880
549000,2420,59800,1350,1070
180000,1090,6771,1090,0
589000,2910,5776,2910,0
350000,1050,5518,1050,0
197400,1610,7575,1110,500
267000,1760,6477,1760,0
480000,1540,20281,1540,0
650000,2580,9450,1660,920
600000,1370,5000,1370,0
490000,1440,6265,1440,0
225000,1410,7700,980,430
640000,1980,10115,1980,0
710000,2440,3427,1990,450
325000,1350,11805,1350,0
595000,3130,28001,2210,920
128750,880,7004,880,0
465000,1920,7300,1240,680
710000,2700,7625,1450,1250
605000,1670,6000,840,830
994000,3470,20445,3470,0
489950,1820,7326,1820,0
365000,1310,8160,1310,0
359950,1790,7212,1790,0
495000,2460,4774,2460,0
255000,1060,9039,1060,0
330000,1340,10276,1340,0
450000,1480,8394,1480,0
655000,3500,11306,3500,0
485000,2910,16362,2120,790
375000,1940,15909,970,970
570000,2280,4534,2280,0
350000,1190,1022,1190,0
550000,1260,6000,1260,0
513000,2270,8652,1150,1120
450000,1990,7320,1030,960
432500,1500,1856,750,750
432000,2060,329903,2060,0
480000,1950,8892,1950,0
402200,1790,6980,1330,460
650000,1520,10227,1520,0
1.20E+06,3240,13044,3240,0
312000,2440,13250,1440,1000
610000,2220,5821,1380,840
823000,2640,7722,1650,990
471000,1450,3750,950,500
481015,1550,5511,1550,0
1.96E+06,6200,23373,5050,1150
624000,2810,11250,1680,1130
480000,2080,7966,1200,880
815000,1370,8671,1370,0
1.65E+06,2920,20400,2920,0
180000,1000,18513,1000,0
156601,1210,9750,1210,0
374950,2790,4650,2790,0
368000,1660,4680,830,830
550000,1650,3952,1650,0
198000,1300,6318,1300,0
345000,1090,7200,1090,0
1.71E+06,2660,6572,1960,700
185900,940,10890,940,0
950000,2750,18029,1810,940
995000,3850,13551,3000,850
345000,860,8250,860,0
741000,2070,10125,1390,680
737000,2290,9772,2290,0
668750,2340,6420,1590,750
575000,2680,8625,1590,1090
280000,1710,5440,1030,680
583000,1800,10050,1800,0
196000,1510,9600,1090,420
349950,1700,7496,1700,0
429000,1350,3333,1350,0
270000,2140,10320,1330,810
385000,2700,7416,1350,1350
535000,920,5000,920,0
352500,1500,10269,1030,470
624000,1510,5200,860,650
215000,1980,7958,1980,0
870000,4500,21780,3040,1460
440000,3220,8256,2610,610
518000,1140,1149,940,200
259500,1490,7589,1490,0
795127,4360,91158,3360,1000
290000,960,9000,960,0
385000,2253,7700,2253,0
259950,770,6542,770,0
330000,1310,2915,1310,0
280000,980,7480,830,150
595000,1820,20011,1820,0
925900,3980,7828,3980,0
499000,3010,9600,2410,600
325000,1830,7762,1830,0
895000,2550,20875,1610,940
162248,800,8960,800,0
1.07E+06,2890,21480,1790,1100
430000,1810,5080,1030,780
615500,1810,5080,1030,780
260000,940,5650,940,0
295000,1810,42981,1810,0
1.19E+06,2550,6117,1650,900
749950,2370,2971,2080,290
175000,1370,5080,1120,250
415000,1370,5080,1120,250
190000,1200,8316,1200,0
625000,2100,3264,1350,750
420000,2020,21010,2020,0
339900,1570,9210,1400,170
160000,1140,23030,1140,0
353000,1830,5331,1830,0
390000,1010,14183,1010,0
675000,1770,9858,1770,0
400000,2120,3757,2120,0
1.34E+06,3190,5040,2160,1030
1.65E+06,2780,11904,1730,1050
1.00E+06,3350,9450,2180,1170
850000,3450,28324,2350,1100
275000,1060,6954,1060,0
450000,1670,2589,1670,0
305000,2251,12731,1390,861
643002,1770,3744,1270,500
468000,1510,4500,1510,0
324950,1770,5000,1770,0
290000,1260,7346,1260,0
488500,1710,10959,1030,680
367950,2290,8234,1250,1040
285000,790,6555,790,0
417000,1820,52889,1820,0
1.12E+06,3180,31931,2390,790
1.55E+06,5280,17677,3220,2060
604000,3240,33151,3240,0
380000,2390,8102,2390,0
336500,2500,5264,2500,0
685000,2290,6000,2290,0
4.21E+06,7440,21540,5550,1890
670000,1600,16868,990,610
524000,1120,2000,1120,0
172000,1340,10260,1340,0
680000,1670,3000,900,770
549900,2830,213879,2830,0
357000,2700,49428,2700,0
107000,910,5120,910,0
232900,910,5120,910,0
800000,2370,3302,1610,760
248500,880,1498,880,0
670000,2050,6420,1730,320
207000,1180,21275,1180,0
164000,1070,8250,1070,0
570500,1380,1800,1080,300
599990,2680,9162,1570,1110
395000,2100,9599,1060,1040
979500,4133,361548,4133,0
207000,920,5546,920,0
237000,920,5546,920,0
650100,1750,60872,1180,570
385000,1950,7350,1150,800
335000,1660,11437,1660,0
347000,2670,10026,2670,0
204000,980,8000,980,0
615000,1780,10260,1780,0
943500,2370,10890,2370,0
560000,1640,7333,1020,620
547500,2610,7254,1610,1000
359500,2030,7210,1450,580
660000,2590,35640,2590,0
258000,1620,7540,1310,310
355000,2040,22693,2040,0
253500,810,4800,810,0
422500,1270,8920,1270,0
239000,1470,2052,1470,0
628000,1720,8521,1140,580
352000,1320,1957,660,660
311600,1358,1196,1358,0
235000,2070,7245,1060,1010
870000,2910,9525,2910,0
190848,1370,7904,900,470
570000,2340,5080,1170,1170
661254,2290,6250,1690,600
575000,1650,5000,1650,0
230000,650,5360,650,0
680000,2300,9914,2300,0
148000,620,8261,620,0
244900,620,8261,620,0
214950,1400,6600,1280,120
580000,1800,6250,1420,380
263000,1300,7885,1300,0
317000,2360,11375,1180,1180
302000,3320,13500,1750,1570
899000,1480,6978,1480,0
1.29E+06,2190,11394,1550,640
710000,3740,136915,3100,640
230000,1360,9310,1020,340
430000,1210,5200,1210,0
1.17E+06,4610,13252,4610,0
397000,860,6380,860,0
595000,2250,8300,2250,0
485000,2030,10089,1330,700
755000,3260,24300,2310,950
185000,1840,8100,920,920
340000,1840,8100,920,920
236000,2000,5827,2000,0
550000,2810,7549,2810,0
680000,1780,5720,980,800
630000,2540,8706,2540,0
560000,2340,3477,1170,1170
385000,1480,6600,740,740
280000,1358,1141,1358,0
225000,1750,7490,1180,570
610000,1830,29110,1230,600
592500,1170,6750,800,370
750000,3170,7634,3170,0
164000,1530,4875,1530,0
320000,1100,8281,1100,0
544000,2030,3974,2030,0
344950,1870,7500,1320,550
539500,3080,12476,3080,0
420000,2480,60548,1600,880
305000,910,22725,910,0
229000,810,5100,810,0
1.07E+06,3990,9938,3990,0
397500,1430,1383,1430,0
540000,2190,8402,2190,0
650000,2290,10186,2290,0
1.90E+06,3020,13237,2840,180
649000,2260,280962,1890,370
287500,2020,67953,1620,400
815000,2620,4743,1310,1310
795000,2830,8630,2830,0
502775,1700,9840,1200,500
222900,1110,6411,1110,0
399950,2150,64694,1450,700
728000,2650,13684,2650,0
850000,3870,65556,3870,0
525000,2530,17856,2530,0
257000,1450,7850,1450,0
433500,2200,3360,2200,0
314950,1890,9623,1290,600
500000,1530,14633,1100,430
300000,1590,8911,1590,0
645000,2690,18653,2690,0
222500,990,10125,990,0
275000,1300,8099,1080,220
498000,1720,6570,1720,0
800000,2080,75794,2080,0
297000,1840,8234,1840,0
625000,4010,6000,2560,1450
770000,3560,6187,3560,0
517000,1640,4635,1540,100
238000,530,6350,530,0
234550,1990,15375,1140,850
230500,1690,7245,1160,530
585000,2670,16777,1620,1050
733000,1930,3876,1450,480
357950,810,3880,810,0
530000,1550,3680,1050,500
377500,2640,10720,2640,0
475000,2320,10046,2320,0
399000,2170,73616,2170,0
660000,2080,5750,1040,1040
400000,2070,10488,1080,990
440000,800,4850,800,0
366400,2040,14383,1270,770
627250,2830,10677,2830,0
375950,1480,7560,1100,380
162000,1810,6750,1280,530
780000,1970,2600,1970,0
705000,2650,4316,1520,1130
450000,2820,15233,1820,1000
311000,1400,7880,1000,400
485000,1580,6065,1580,0
485000,1800,11034,1800,0
725000,3360,6000,2640,720
185000,1510,17040,1510,0
1.89E+06,4285,9345,4285,0
260000,1610,7423,1610,0
356000,2470,5074,2470,0
225205,1200,7220,1200,0
445000,1260,8910,1260,0
356000,920,4095,920,0
760250,2540,8250,1440,1100
572000,1870,5143,1870,0
970000,3060,9950,1810,1250
348450,1950,8628,1950,0
535500,1730,40250,1730,0
710000,2570,9600,1620,950
745000,1490,9800,1140,350
355000,2040,8265,2040,0
333000,2690,5505,2690,0
282000,1610,6000,1610,0
840500,2520,5400,1410,1110
432000,1550,8134,1550,0
625000,1800,4800,900,900
209977,1170,6134,1170,0
174000,900,13531,900,0
740000,2800,8540,1730,1070
518000,1830,4500,1830,0
539000,1380,3225,940,440
575000,1990,9600,1530,460
530000,1170,976,780,390
242025,1400,54014,1400,0
1.03E+06,2620,11200,1770,850
230000,880,7500,880,0
350000,2260,7500,1460,800
595000,1300,11520,1300,0
440000,1450,6829,1450,0
550000,1110,6000,1110,0
940000,1890,5940,1470,420
375000,1100,1751,940,160
567500,1350,4592,1070,280
735000,3020,50800,1510,1510
114000,730,5200,730,0
608000,1390,3600,1010,380
442500,2710,47419,2170,540
381800,1530,5250,1110,420
330000,2170,3978,1340,830
90000,790,2640,790,0
312000,1160,8625,1160,0
339000,1080,8100,1080,0
313000,2190,8000,2190,0
618080,2030,6500,2030,0
325000,2480,8755,2480,0
242000,2240,7620,1120,1120
364000,1650,7311,860,790
545000,1700,5750,1450,250
445000,2790,16173,2790,0
1.09E+06,3010,10830,3010,0
660000,2550,10000,1290,1260
845000,2880,35610,2880,0
417000,2090,4000,1060,1030
213800,740,5200,740,0
400000,960,6200,960,0
759950,2100,7560,2100,0
990000,2540,5930,2540,0
710000,1650,10250,1650,0
315000,770,4600,770,0
515000,2280,14810,1500,780
638000,1660,3729,970,690
370000,2020,8100,1160,860
184000,970,14850,970,0
583800,2480,6600,2480,0
309500,1250,7320,1250,0
1.96E+06,4430,31353,4430,0
299000,740,5000,740,0
215000,710,7200,710,0
410000,1970,10500,1820,150
478000,820,6000,820,0
431000,1000,6500,1000,0
635000,3080,35430,3080,0
648000,2410,12000,2410,0
640000,2370,11172,2370,0
932808,4690,6705,3450,1240
835000,2280,6815,2280,0
469775,1530,7020,1030,500
587000,3610,52595,3610,0
677915,1740,3600,990,750
1.08E+06,3600,9200,2100,1500
671000,3130,5700,1750,1380
695000,3940,9780,3940,0
205000,2200,13320,1100,1100
350000,1510,7200,1510,0
360000,1560,7930,1560,0
313999,1870,4198,1870,0
300000,2070,7225,1690,380
452000,1660,11747,830,830
495500,2010,57934,2010,0
288000,1410,40500,1410,0
227490,1820,7194,1820,0
470950,2560,16420,2560,0
735000,2450,4187,2450,0
730000,3110,4400,2010,1100
412000,2210,7000,2210,0
589500,2630,6326,2630,0
291000,2350,8636,1550,800
1.30E+06,4450,7680,3460,990
190000,1200,10458,1200,0
456200,1210,7733,1210,0
225000,1290,8470,970,320
2.00E+06,3490,21064,2290,1200
740000,3360,15091,3360,0
467000,2660,5511,1330,1330
385000,770,7554,770,0
670000,1800,4763,1240,560
500000,2900,5760,1660,1240
352450,1430,6000,1430,0
669888,2550,7591,2550,0
405000,1310,7300,1310,0
518000,1430,8000,1430,0
280000,1880,6288,1120,760
435000,1600,2375,1600,0
314950,1760,9732,1760,0
209900,1180,3003,1180,0
630000,2330,31705,2330,0
442000,1960,12688,1960,0
340000,1140,13440,1140,0
230000,1400,6956,1400,0
495200,2710,22120,1410,1300
900000,3510,6745,3510,0
265000,910,4600,910,0
489500,2090,65558,1330,760
335000,1410,44866,1410,0
585000,3050,12700,2240,810
800000,2010,7200,1010,1000
379500,2120,53578,2120,0
475000,1270,8000,1270,0
520000,1670,8800,1150,520
515000,1800,4338,1800,0
577500,1640,5515,940,700
269900,1740,9672,1110,630
329000,1600,5952,1150,450
458500,1280,1920,1280,0
890000,1480,11171,1480,0
361500,1980,7334,1980,0
2.54E+06,3730,10626,3730,0
325000,900,8374,900,0
1.85E+06,3480,6000,3480,0
945000,2840,13367,1420,1420
370000,2490,4244,2490,0
320000,1490,7111,1490,0
450000,1510,4908,1510,0
800000,2900,18303,2900,0
676000,2240,3825,2240,0
1.27E+06,2040,5000,2040,0
290000,1460,7980,1460,0
158000,990,8925,990,0
379950,1970,9389,1140,830
583000,2660,4000,2660,0
150000,870,5700,870,0
261500,1740,6992,1740,0
278000,2290,3777,2290,0
555000,2170,7140,1290,880
355000,2040,8173,1470,570
375000,1770,6650,1770,0
227000,2380,12681,1380,1000
335000,2030,103672,2030,0
680000,2270,23900,1820,450
686500,1390,5025,1390,0
410000,1530,26642,1180,350
425000,1430,13300,1230,200
562500,2030,7549,2030,0
345000,2390,6976,2390,0
627500,2540,11500,1640,900
355000,1890,36300,1890,0
335000,1870,5876,1870,0
350000,1780,4228,1780,0
590000,1610,58370,1610,0
252000,1420,6788,1420,0
1.30E+06,4440,9270,2220,2220
705000,1820,5001,1820,0
498000,1620,8400,1180,440
312500,870,7227,870,0
260000,1830,5375,1060,770
209950,2290,9600,2290,0
610000,1110,10402,1110,0
500000,1440,7100,1440,0
850000,3070,7050,1570,1500
689000,2440,11700,1480,960
470000,2410,4680,2410,0
640000,2270,5175,2130,140
290000,2340,7200,1590,750
258500,1800,9000,1800,0
1.10E+06,2210,7597,1550,660
420000,1820,22320,1250,570
230000,1190,9083,1190,0
252000,1400,6865,1400,0
515000,2600,4506,2600,0
425000,910,4635,910,0
575000,1760,2320,1760,0
390000,860,5160,860,0
561500,2310,9800,1780,530
1.35E+06,2000,3728,1820,180
835000,2460,7830,1490,970
245000,1020,15000,1020,0
475200,1670,3980,1670,0
425000,790,5024,790,0
218000,2010,7755,2010,0
600000,2600,6536,2600,0
545000,1890,7210,1890,0
2.41E+06,4600,23250,3600,1000
460000,2008,5050,1216,792
425000,880,6413,880,0
455000,1700,8360,850,850
313100,1730,12821,1730,0
780000,3910,59863,2490,1420
345500,2160,9682,2160,0
243000,1200,8034,1200,0
670000,3860,9600,2660,1200
325000,1320,7560,840,480
281000,1280,12500,1060,220
130000,1100,5100,1100,0
340000,2170,9798,2170,0
485000,2720,51396,2720,0
642860,2520,6398,2520,0
747000,2560,4800,1280,1280
559950,2650,7200,2250,400
577288,2870,7200,2870,0
575000,1230,2726,880,350
287000,1450,6000,1450,0
1.15E+06,3180,9889,2500,680
335000,1800,8900,900,900
375000,2020,12500,2020,0
325000,620,14823,620,0
530000,2190,220414,1330,860
287000,1980,7081,1470,510
320000,2970,7000,1810,1160
425000,2270,4400,2270,0
550000,1630,6009,1630,0
135000,1520,8450,1120,400
695000,2080,5687,2080,0
975000,3020,9648,1980,1040
210000,2180,28710,1180,1000
518000,1780,8768,1050,730
335500,1370,6780,1370,0
750000,3050,7020,2050,1000
515000,1490,12000,1490,0
344500,1800,5453,1050,750
470000,1760,6723,1160,600
606150,1770,9848,1370,400
292000,2910,7712,1600,1310
450000,2880,426452,2880,0
429000,2520,5043,1260,1260
765000,3190,38119,3190,0
425000,540,2500,540,0
505000,3170,5340,3170,0
544950,1830,7371,1830,0
382000,1360,4840,1360,0
475000,1870,25157,1870,0
355000,1370,4790,1370,0
410000,1700,9000,1700,0
450000,1960,5008,980,980
565000,4140,9066,2070,2070
529100,1290,6528,1290,0
452500,2460,6454,2460,0
245000,1580,8000,1040,540
415000,700,2550,700,0
610000,2410,15899,2410,0
363500,2180,9702,1090,1090
510000,1950,12630,1230,720
650000,2630,28298,2630,0
290000,2050,9015,2050,0
170000,790,6750,790,0
510000,1070,5280,1070,0
2.28E+06,13540,307752,9410,4130
316000,2320,7379,2320,0
690000,2670,13463,2670,0
199950,700,5200,700,0
207000,860,7740,860,0
449950,3490,8400,3490,0
361550,1160,257875,1160,0
824000,3650,57538,3650,0
537000,1550,10050,1550,0
838400,2620,9525,2620,0
225000,720,4758,720,0
329900,1380,5198,1380,0
282500,1170,34925,1170,0
229950,1170,11960,1170,0
500000,1630,12059,1270,360
495000,1890,6557,1890,0
149500,1010,9450,1010,0
726000,2040,10033,1420,620
899000,4080,10295,4080,0
317000,1270,8925,1270,0
395000,790,3000,790,0
360000,2580,6740,2580,0
570000,2290,6738,2290,0
320000,3490,5000,3490,0
320000,1510,30185,1510,0
268000,2400,4564,2400,0
191000,900,3400,900,0
400000,1270,7440,910,360
515000,1050,5000,1050,0
610000,2950,9010,2950,0
538000,1850,3060,1060,790
432000,1970,4036,1970,0
335000,2400,8592,2400,0
302000,2360,8642,2060,300
787500,1580,9382,1080,500
420000,1790,7055,1520,270
560000,2840,216493,2840,0
535000,1970,6634,1970,0
310000,1780,6771,1230,550
760000,3920,5250,2560,1360
242500,1550,1905,1550,0
1.31E+06,2980,7200,2980,0
235000,1270,7153,1270,0
598780,3040,12160,1520,1520
433200,2075,16200,2075,0
343000,1110,9920,700,410
145000,800,8125,800,0
291970,680,21727,680,0
599950,1680,7910,1680,0
1.75E+06,3910,22710,3910,0
870000,2780,11000,1560,1220
323000,2000,9083,2000,0
727000,3150,9703,3150,0
166000,1120,17332,1120,0
450000,1740,12204,1270,470
400000,2970,23100,1510,1460
599000,2970,23100,1510,1460
165000,1150,19200,1150,0
229000,1190,7408,830,360
305000,900,7500,900,0
930000,2950,4446,2450,500
542000,1990,15985,1540,450
214000,1020,9147,1020,0
718000,2070,7200,2070,0
349000,1430,1002,1430,0
305000,2030,8000,2030,0
498000,1620,2640,1620,0
799950,4220,196817,4220,0
737000,2300,7800,2300,0
860000,3830,10005,3830,0
339950,2390,34041,1840,550
249000,1440,7673,940,500
370000,910,5525,910,0
725000,1550,12262,1550,0
529000,2380,91476,1580,800
310000,2060,8100,1310,750
315000,1880,9163,1880,0
1.30E+06,3470,4160,2480,990
435000,2360,12744,2360,0
350000,1970,10800,1300,670
240000,1040,7800,1040,0
410000,1420,3750,1420,0
430000,2290,5249,2290,0
446000,1530,8375,1020,510
240000,1360,9760,1360,0
595000,3680,35736,2320,1360
215150,920,4770,920,0
319950,1070,5824,1070,0
385000,1590,9912,1590,0
280000,1600,6700,1600,0
399950,1510,7300,1040,470
132500,1080,10500,1080,0
399950,1330,2856,930,400
290000,850,6800,850,0
860000,1960,8592,1290,670
3.10E+06,6980,15682,5330,1650
245000,1530,7200,1400,130
255000,1320,7980,1320,0
310000,2320,7200,2320,0
299000,960,8100,960,0
575000,2040,5508,2040,0
284000,1080,8214,1080,0
840000,2020,4800,1090,930
442573,1780,7567,1290,490
560000,1140,7028,1140,0
485000,1610,4160,1010,600
472500,1440,8536,1440,0
1.61E+06,4270,25807,4270,0
808000,3460,4600,2860,600
398000,1890,16001,1890,0
340000,2240,6000,2240,0
380000,760,4000,760,0
235000,1020,6173,780,240
400000,1330,9900,1330,0
582000,2780,12335,1590,1190
209000,1070,6120,1070,0
335000,2660,7700,1670,990
285950,710,7120,710,0
645000,3340,52476,3340,0
312000,1160,7500,1160,0
663000,2840,59677,1580,1260
443950,2000,36000,2000,0
315000,1060,5750,1060,0
302200,1730,10396,1730,0
770000,2190,2658,2190,0
374950,1660,8160,1660,0
330000,2210,7557,2210,0
230000,870,7020,570,300
967000,3100,7250,3100,0
536500,1720,3515,1470,250
315000,3120,4240,2090,1030
626000,1040,4240,860,180
334009,1650,9305,1650,0
429000,1010,5000,1010,0
818000,4020,44431,4020,0
326000,2166,6342,2166,0
310000,1880,5000,1100,780
525000,2260,7680,1130,1130
350000,2010,4400,2010,0
936000,3330,8897,3330,0
226000,1520,7200,1030,490
1.25E+06,3510,4798,2700,810
428000,1580,507038,1580,0
329932,1460,5040,1100,360
539000,1460,5040,1100,360
275000,1650,7700,1650,0
590000,2660,35010,2660,0
782000,3510,24604,3510,0
575000,2120,9603,2120,0
509000,1780,9315,1780,0
290000,2000,13300,1200,800
305240,1300,9000,1300,0
555000,2180,4976,1680,500
317000,1790,8228,1390,400
430000,1910,5040,1910,0
850000,1800,4144,900,900
469000,2620,10659,1660,960
327200,1440,8425,1440,0
835000,2790,12523,1600,1190
360000,2340,13445,2340,0
372000,2070,8658,2070,0
453000,2160,11484,2160,0
275000,2090,11317,1090,1000
475000,2040,7260,2040,0
310000,1950,9720,1400,550
173000,1200,8460,1200,0
313500,2240,94960,2240,0
345000,1360,1489,1360,0
436000,1500,10200,1300,200
244500,1300,14500,650,650
206000,1140,9800,1140,0
890000,2930,9158,2930,0
329950,2140,8874,2140,0
250000,1628,286355,1628,0
246000,1990,203861,1990,0
440000,1950,19747,1150,800
395000,1910,8117,1460,450
305000,820,5150,820,0
160000,1470,8682,1160,310
269000,1470,8682,1160,310
169500,1060,10023,1060,0
690500,3130,8920,3130,0
245560,1260,9693,1260,0
345000,2200,13498,2200,0
383000,2580,19607,1290,1290
388500,1350,944,1050,300
250000,1350,8548,1350,0
455500,2290,19000,1650,640
672000,1220,8573,1220,0
550000,2750,128502,1500,1250
487000,1430,12632,1430,0
291375,2220,6233,2220,0
225000,1490,15850,1490,0
519950,2440,10200,2440,0
250000,2070,8400,2070,0
614950,1500,2400,1500,0
599500,2020,10260,2020,0
625000,2190,13660,2190,0
248500,780,10064,780,0
469950,1220,4200,1090,130
525000,1840,10956,1840,0
787500,2390,6928,1810,580
485000,3710,15935,2130,1580
310000,750,5379,750,0
280000,2110,7919,1110,1000
200000,1020,42966,1020,0
490000,3080,7363,3080,0
146000,900,4770,900,0
500000,3720,25474,2090,1630
242500,940,7380,940,0
324950,1040,7288,1040,0
231500,1000,7615,1000,0
300000,2080,9827,2080,0
545000,2500,50595,2500,0
350000,1050,8583,1050,0
467100,1620,8645,1190,430
180000,1610,8500,1610,0
749000,2130,5000,2130,0
245000,1460,11593,1460,0
260000,1600,7350,1600,0
490000,1730,2940,1730,0
565000,2280,4602,2280,0
330000,2430,7490,2430,0
295000,1380,7575,1380,0
725000,1790,6000,1790,0
1.14E+06,3370,10602,3370,0
680000,2920,6300,1710,1210
490000,2180,9300,1090,1090
635000,1480,6985,1200,280
750000,2350,715690,2350,0
330000,2440,8098,2440,0
270000,1350,1189,1080,270
340000,1970,3716,1970,0
413252,1110,3960,1110,0
600000,2950,5803,2950,0
726888,2970,7261,2970,0
285000,720,6400,720,0
365000,770,5680,770,0
295000,1650,7200,1650,0
460000,1620,7350,1170,450
230000,1510,10588,1510,0
337000,1070,6109,1070,0
300000,1010,6300,1010,0
2.30E+06,3370,8402,2240,1130
360000,2000,5500,2000,0
585000,2060,10839,2060,0
182700,1740,6650,1240,500
305000,1740,6650,1240,500
309950,1880,7838,1880,0
550000,960,12527,960,0
825000,3280,26413,2670,610
998500,1570,4400,1570,0
644500,2990,5342,2990,0
320000,1250,8636,1250,0
266950,1920,4803,1920,0
633100,2470,33305,2470,0
395000,960,6700,960,0
259250,940,5904,940,0
300000,1260,5000,1260,0
413000,2280,139392,2280,0
435000,1740,8491,1240,500
500000,2630,15000,1690,940
402000,2430,5481,1430,1000
777700,2260,251460,2260,0
580000,1220,5000,1220,0
570000,2580,40392,1390,1190
174950,730,6000,730,0
300000,760,3001,760,0
435000,1740,6988,1600,140
840000,3420,8405,3420,0
469000,2240,7543,1140,1100
870000,1920,3600,1920,0
532000,2020,7029,1430,590
455000,1880,11400,1280,600
201000,1010,25277,1010,0
649000,3990,13087,2400,1590
445500,1390,6670,720,670
475000,1230,11502,1230,0
590000,2940,29013,2940,0
565000,2190,8296,2190,0
110000,640,10280,640,0
375000,1670,7740,1130,540
255000,1240,8528,1240,0
315000,1850,14800,1760,90
496600,2020,8400,1350,670
380000,1020,4800,1020,0
338950,1610,22496,1610,0
542500,2730,42500,1530,1200
739000,2840,5000,1620,1220
549000,1290,3060,1290,0
252000,1670,7881,1190,480
1.70E+06,3860,15246,2940,920
735000,2460,5100,1450,1010
270000,1660,8063,1660,0
2.25E+06,3420,8700,2890,530
155000,1010,43056,1010,0
469000,2240,5624,1520,720
305000,2340,5250,2340,0
675000,1920,4500,960,960
931000,2460,6600,1560,900
385000,1470,11398,1470,0
815000,3400,12442,3400,0
531000,1910,8390,1910,0
386500,1400,3600,700,700
475580,1520,11085,1520,0
358000,930,5077,930,0
677500,2340,4730,1810,530
868500,2920,3942,2920,0
599380,1270,7350,1270,0
712000,2450,11960,2450,0
350000,1380,7620,1180,200
875000,2520,6000,1400,1120
365000,2290,7350,2290,0
452000,1660,6150,850,810
915000,2800,9750,1400,1400
482500,1690,3068,1690,0
425000,1180,7200,1180,0
460000,1390,4160,790,600
666570,2320,7400,1620,700
390000,2270,32112,1740,530
650000,2640,8215,1500,1140
305000,1680,8487,1680,0
250000,990,8100,990,0
438800,2770,4432,2770,0
290000,950,5650,950,0
324950,2160,4800,1290,870
453000,1650,1838,1270,380
556000,1800,4005,1160,640
315000,1660,11135,1660,0
445830,1870,5449,1870,0
1.26E+06,3220,3960,2760,460
287200,1850,19966,1090,760
525000,1580,6360,1290,290
1.14E+06,4590,17621,3160,1430
381000,2700,18246,1510,1190
360000,1020,7020,1020,0
619000,2950,2932,2950,0
535000,1780,224769,1780,0
402000,710,5100,710,0
600000,4300,70407,2710,1590
549950,2080,8690,1430,650
300000,2360,7440,1180,1180
360000,2210,9870,2210,0
419000,4340,8521,2550,1790
510000,1320,1012,1320,0
319950,1980,9907,1980,0
1.18E+06,3960,94089,3960,0
381000,2130,6003,2130,0
256900,1720,3951,1720,0
346000,1790,30456,1350,440
465000,1390,1222,1340,50
545000,1900,9975,1500,400
516000,1640,3090,910,730
550000,2700,5100,1440,1260
339950,2200,7150,2200,0
417000,1310,8514,1310,0
906000,2480,5000,1480,1000
980000,3010,9800,3010,0
555000,2450,5079,2450,0
468000,1250,7029,1250,0
378000,2610,117176,1390,1220
430000,2010,16020,2010,0
730100,3120,14300,3120,0
219000,1370,7944,1370,0
570000,2420,11953,2420,0
262500,1500,7036,1060,440
525000,2630,9216,2630,0
520000,950,3880,950,0
417400,2680,12285,2680,0
788000,3680,5759,2840,840
320000,1270,7400,1270,0
950000,2330,5000,2330,0
255000,960,8100,960,0
260000,1990,6671,1990,0
394000,1450,7930,1150,300
575000,2280,27441,2280,0
1.25E+06,1830,7200,1750,80
385000,1650,7800,1260,390
456000,2720,193406,1700,1020
637000,1710,5000,1110,600
485000,1420,9900,1050,370
315275,1440,8040,960,480
252500,1280,8710,1280,0
240000,1320,24319,1320,0
790000,2560,12760,1760,800
310000,1480,7830,1480,0
1.25E+06,2960,20240,2960,0
425000,1160,5038,740,420
548000,2110,4099,2110,0
379880,1650,14054,1130,520
530000,1950,9906,1950,0
695000,2600,220300,2120,480
435000,1270,4000,1270,0
540000,1300,62290,1300,0
425000,1790,10209,1290,500
490000,1930,7266,1930,0
220000,1200,6000,1200,0
540000,2050,3784,2050,0
670000,1710,6195,1410,300
667500,2130,20423,2130,0
585000,1700,2197,1260,440
225000,1390,12500,1390,0
375000,1230,9877,1230,0
335000,1490,8847,1490,0
680000,2440,15815,1990,450
600000,970,4800,970,0
161000,1700,8043,850,850
220000,1700,8043,850,850
420000,1720,5000,1720,0
710000,1400,2250,1400,0
626000,2570,7221,1570,1000
279500,1200,8040,1200,0
1.61E+06,4390,11600,3060,1330
325000,1080,5000,1080,0
380000,1860,7980,1860,0
470000,2150,9820,1220,930
363000,2250,12142,2250,0
245000,2050,7700,2050,0
525000,1010,3520,1010,0
1.70E+06,5850,22885,4670,1180
658500,1900,5000,1400,500
680000,1020,8442,920,100
835000,3390,16025,3390,0
595000,1990,2175,1680,310
419000,3190,4980,3190,0
198900,1210,18700,1210,0
1.09E+06,3740,12080,2000,1740
500000,2150,4368,1610,540
575000,2440,8100,1620,820
324950,1230,1516,1230,0
259000,2740,7980,2740,0
551000,2260,9604,2260,0
488000,1000,5125,1000,0
635000,2350,46173,2350,0
395000,2300,8938,2300,0
370000,1440,8287,1440,0
675000,2780,5000,1710,1070
402000,1200,6825,1200,0
825000,3040,24192,3040,0
579000,2660,223027,1330,1330
455000,1510,3000,1510,0
265000,1780,6527,1780,0
713500,2920,9163,1520,1400
240000,1550,12670,1550,0
570000,2710,217800,2710,0
243800,1140,27760,1140,0
543000,940,3864,940,0
1.01E+06,2160,7500,2160,0
625000,2470,17008,2470,0
459950,2800,6567,2800,0
370000,2420,39704,2420,0
150000,1460,7254,1460,0
683500,1820,5756,1640,180
499950,1520,2208,1040,480
255000,1320,9967,940,380
279000,1920,7779,1920,0
910000,2640,5096,2640,0
699000,2650,7945,2650,0
1.65E+06,3640,13530,2570,1070
248000,1420,8800,1090,330
429000,1540,37950,1090,450
685000,1550,15239,1370,180
316000,730,5040,730,0
410000,2020,7540,1010,1010
299000,1200,15843,1200,0
559000,1240,6400,1060,180
575000,2680,100188,1580,1100
602000,1640,3804,1640,0
492000,1640,5000,1640,0
293500,1610,5024,1610,0
481000,2290,14810,1400,890
311100,2130,8078,1380,750
375000,2140,13598,1620,520
1.08E+06,4020,435600,4020,0
500000,2030,8400,1330,700
553000,1380,6250,1380,0
760000,1780,1750,1400,380
589500,1440,3200,960,480
840000,2790,20824,1680,1110
2.55E+06,4190,8805,3490,700
1.28E+06,3870,46609,3870,0
260000,1850,7875,1250,600
430000,1550,1469,1550,0
781000,1920,1896,1920,0
280000,790,13170,790,0
392000,3740,32481,2240,1500
466200,1340,8856,1340,0
641000,1620,3975,940,680
350000,1680,8010,840,840
450000,1610,4364,1610,0
1.80E+06,4460,16953,2550,1910
185000,1200,1848,1200,0
290000,1250,12507,1250,0
964000,3630,9475,3630,0
2.00E+06,4260,18000,4260,0
545000,2180,15693,1850,330
609950,1760,10350,1330,430
605000,1820,7626,990,830
550000,2120,9163,1450,670
905000,2730,4268,2730,0
384200,2430,7613,2430,0
370000,1170,1105,1170,0
717500,2090,4000,1890,200
2.00E+06,3910,7500,2550,1360
365500,1140,15624,1140,0
580000,1460,5700,1460,0
415000,2700,14760,2700,0
272000,670,6300,670,0
600000,1880,6360,1040,840
744000,1980,5352,1980,0
830000,2080,10521,2080,0
322000,1380,1225,1380,0
270000,1808,19200,1808,0
272450,1350,7973,1350,0
605000,1760,2114,1400,360
510000,1950,8325,1950,0
1.13E+06,3170,4000,2340,830
1.69E+06,3000,7500,3000,0
162000,1460,16638,1460,0
337500,1350,5850,1050,300
312000,1470,7857,1180,290
740000,3350,199253,3350,0
700000,3350,199253,3350,0
328000,1360,8136,1360,0
241000,1020,7538,1020,0
265000,1840,6750,1270,570
246000,2030,10200,2030,0
271000,1490,9112,970,520
270000,2060,8398,1260,800
395000,2240,7085,2240,0
340000,1460,5715,1460,0
340000,2140,13260,1240,900
335000,1420,1246,1420,0
435000,1060,3036,1060,0
527950,1760,3600,880,880
600000,2320,18919,2320,0
667000,1770,3880,1300,470
1.15E+06,4590,10920,2500,2090
417000,2040,11211,2040,0
451000,1260,7250,1260,0
580000,1650,9780,950,700
570000,2380,36446,2380,0
750000,2750,7500,2150,600
685000,2810,7700,2810,0
275000,1340,9764,1340,0
739888,2420,43177,1690,730
715000,2160,5581,2160,0
800000,2450,4400,1450,1000
350000,1870,9000,1120,750
220000,1000,223462,1000,0
452500,2240,7791,2240,0
280000,2200,5893,2200,0
248000,790,12000,790,0
305000,890,7200,740,150
435010,1270,4000,1120,150
678100,1850,2860,1210,640
325000,1352,1694,1352,0
529950,1540,8400,1180,360
440000,1640,8529,1640,0
585000,1350,4800,1350,0
462608,2010,2778,1390,620
350500,2080,5200,1040,1040
210000,1040,8125,1040,0
510000,1890,5929,1890,0
280000,1810,7630,1810,0
385000,1930,14389,1130,800
349000,1010,8184,1010,0
252000,1740,10836,910,830
1.10E+06,2910,8881,1940,970
375000,1330,8004,1330,0
336000,2210,11700,2210,0
732000,2670,6517,2020,650
200000,1000,6227,1000,0
681716,3150,7277,3150,0
235000,1520,12246,1520,0
257500,1690,13825,1210,480
315000,1070,9497,1070,0
299950,910,8000,740,170
530000,2130,8640,1430,700
766500,2230,6930,1530,700
860000,3560,11119,2290,1270
690000,2590,4961,2590,0
551000,2040,6348,1020,1020
530000,2100,20150,2100,0
568000,1340,7260,1340,0
749950,2770,10773,2770,0
535000,2400,12546,2400,0
234300,1140,9779,1140,0
190000,930,11450,930,0
525000,1820,6600,1820,0
610000,1390,3708,1390,0
520000,1480,1165,1480,0
375000,760,6000,760,0
600000,1580,7416,1150,430
664000,1870,16200,1250,620
698000,1510,4080,1010,500
418000,1250,1306,1250,0
271675,2140,13068,1460,680
450000,1540,9028,1540,0
759000,2950,78843,2950,0
599950,2020,4129,1230,790
810000,2820,5000,2170,650
331292,1660,10000,1660,0
348000,1830,2417,930,900
435000,720,5600,720,0
530000,2160,9063,2160,0
227000,1510,9837,1510,0
285000,1870,42070,1870,0
740000,2860,26136,1640,1220
246000,990,9145,990,0
260000,1910,8710,1080,830
366000,1350,10200,1350,0
594950,2557,9480,2557,0
608000,2610,5000,1710,900
313100,1720,11875,1720,0
185000,1170,9085,1170,0
455000,1140,11480,1140,0
235000,2350,9051,1570,780
230000,1020,12289,1020,0
770000,2730,5000,1460,1270
240000,1830,7614,1830,0
461000,1690,3026,1690,0
1.58E+06,2900,10500,1450,1450
1.82E+06,6380,88714,6380,0
452000,1690,4000,1690,0
765000,2660,5043,2660,0
1.05E+06,4550,54013,2300,2250
546000,1530,9999,1150,380
781000,2070,4463,1780,290
538000,1880,7953,1880,0
790000,2240,8664,1470,770
696500,2540,4400,1630,910
276000,1370,8137,1370,0
269000,770,8612,770,0
2.42E+06,7880,24250,7880,0
829000,2970,59677,1610,1360
122000,740,6840,740,0
352500,1360,7680,1360,0
249000,1280,7560,1280,0
360000,1920,7803,1080,840
629500,2020,10584,2020,0
1.14E+06,3310,127631,3310,0
1.55E+06,2950,15593,1560,1390
275000,1320,7695,1320,0
697000,3160,6961,3160,0
379500,1640,17335,840,800
720000,2440,76531,1640,800
675000,3000,5548,3000,0
1.17E+06,2810,6000,2810,0
1.10E+06,2390,6888,2390,0
520000,2080,3500,1260,820
415000,2650,7500,1590,1060
415000,1060,1536,1060,0
450000,1940,8312,1220,720
485000,1080,4080,1080,0
294000,1700,9600,1700,0
1.04E+06,4440,10660,4440,0
690000,1580,4000,1580,0
716500,3630,38461,3630,0
481000,1290,1137,1290,0
575000,1960,4635,1000,960
785000,2090,5015,2090,0
480000,1960,43995,1960,0
720000,2120,9297,2120,0
536000,2290,34548,2290,0
324900,1880,7965,1880,0
265000,770,5160,770,0
545000,1530,3210,1010,520
465000,1450,27075,1450,0
292500,1690,7320,1690,0
860000,1880,3720,1880,0
1.05E+06,4160,47480,4160,0
495000,2140,7245,2140,0
342000,1320,1462,1320,0
320000,2000,10051,2000,0
444000,1460,2610,1460,0
804100,3070,8086,3070,0
432000,1660,15000,1660,0
230000,1810,4838,1050,760
935000,3510,11200,3510,0
634950,2180,2650,1410,770
780000,3300,5720,1960,1340
611000,2460,4200,2460,0
475999,1880,4175,1090,790
565000,2290,9450,1670,620
630000,2290,26720,2290,0
840000,3860,18334,3120,740
790000,2640,432036,2640,0
450000,2850,209523,1930,920
1.27E+06,3020,4000,1920,1100
520000,1510,3760,930,580
446800,2410,8712,1260,1150
652000,1470,6122,1200,270
1.17E+06,2890,12130,2830,60
745000,3490,7024,3490,0
594000,1270,1406,1060,210
257000,1000,3700,800,200
485000,1430,4096,1430,0
330000,1060,20040,1060,0
381000,1680,8946,940,740
849900,2280,641203,2280,0
793000,2450,4080,1490,960
920000,3650,5353,2200,1450
455000,830,4000,830,0
975000,3490,7494,3490,0
375000,1050,1046,960,90
400000,1170,1811,1170,0
447000,1220,7200,1220,0
470000,1310,8600,1310,0
665000,3130,7582,3130,0
295500,1590,41550,1290,300
200000,1720,8638,1720,0
620000,2520,212137,1590,930
434900,1520,11067,1140,380
1.33E+06,3260,4640,2360,900
1.65E+06,3910,7500,3910,0
852500,3480,6315,2360,1120
790000,3040,34670,3040,0
565000,2030,7350,2030,0
1.13E+06,3870,24700,2520,1350
289950,1870,1436,1870,0
850000,2640,13939,1640,1000
505000,1940,4800,1030,910
372000,1710,5633,1710,0
207000,1690,7728,1690,0
780000,2340,10495,2340,0
400000,1700,20283,1340,360
440250,1850,8124,1850,0
585000,1370,7920,950,420
850000,2900,9972,2900,0
570000,2400,3192,2400,0
869000,3740,30884,3060,680
551000,2170,5988,2170,0
172380,970,8378,970,0
355000,2620,78843,1310,1310
728935,2980,10194,2980,0
850000,2340,1919,2340,0
515000,1880,48787,1880,0
215000,1480,5325,1120,360
220000,2240,9826,1370,870
845000,2940,7675,2940,0
390000,710,4000,610,100
135000,1460,18599,1460,0
439000,1530,19007,1290,240
585000,2630,6185,2630,0
620000,2230,16800,1700,530
477000,960,3600,960,0
399500,1180,1722,1180,0
500000,1760,27332,1300,460
432500,1340,8867,1340,0
940000,2800,18673,1650,1150
3.17E+06,4330,11979,2090,2240
1.08E+06,3720,11610,3720,0
229999,1670,5200,1030,640
233000,1100,7657,1100,0
600000,3240,8016,2910,330
334000,1680,7620,1180,500
332500,1030,8164,1030,0
249900,1630,7700,1120,510
310000,2610,12180,1670,940
200000,1250,8520,1250,0
310000,1480,11200,1480,0
230000,1390,6000,1390,0
420000,1940,5414,1940,0
785000,2960,4750,2960,0
1.78E+06,4320,19225,2160,2160
265000,1500,7112,760,740
295000,840,10465,840,0
896000,3560,46644,3560,0
415000,2390,9968,1390,1000
250000,1200,5478,1200,0
1.48E+06,2570,5000,2570,0
635000,2180,6000,1430,750
905000,3450,48787,3450,0
528000,2020,5613,2020,0
530000,2480,7480,2480,0
310000,1140,3104,1140,0
252000,1530,9465,1530,0
334500,1700,8160,1120,580
370000,2150,8480,1610,540
311000,1190,7840,1190,0
260000,1730,4131,1480,250
217500,1400,9546,1400,0
290000,2200,4240,2200,0
500000,960,4600,960,0
423500,1770,6000,1100,670
715000,2970,5722,2970,0
299000,1590,3121,1590,0
635000,3350,4007,2550,800
806000,3370,9629,3370,0
289950,1960,3480,1960,0
280000,1360,6603,1360,0
479950,2780,6000,2780,0
394000,3000,9793,3000,0
682000,3600,203425,3400,200
409950,990,3000,990,0
1.00E+06,2990,4200,2000,990
436000,1200,6600,1200,0
279000,1530,15975,970,560
390000,1440,4920,720,720
635000,1940,167125,1480,460
304400,2140,8100,2140,0
780000,2330,3800,1360,970
520000,2734,210201,2734,0
580000,1950,10633,1250,700
274000,1440,7198,990,450
315000,1530,7906,1150,380
390000,1910,77574,1910,0
340000,1750,8220,1750,0
502000,1600,45613,1600,0
260000,1750,11180,1750,0
399000,940,4800,940,0
312500,880,6345,880,0
370000,1650,8254,1060,590
1.24E+06,3820,13224,3280,540
230000,1900,9630,1900,0
1.28E+06,3720,8448,1960,1760
294350,1410,5120,1210,200
208950,960,5700,960,0
515000,1930,5570,1930,0
965000,3420,9575,3420,0
925000,3010,3400,2240,770
654500,1780,5000,1780,0
364000,2080,11050,2080,0
150000,1250,5208,1050,200
349950,2257,10117,1363,894
585000,1670,5000,1670,0
801501,2250,13500,2250,0
610000,1650,221720,1650,0
382000,2880,11965,2880,0
495000,3620,403693,3620,0
447500,1950,6504,1530,420
575000,2280,9491,1290,990
565000,1740,4736,1040,700
348580,1220,7876,1220,0
459000,2260,9703,1660,600
375000,1790,61419,1790,0
310000,2440,7093,2440,0
210000,1400,9600,1400,0
384205,1810,3292,1810,0
180000,1400,4500,900,500
310000,1400,4500,900,500
427500,2010,6294,2010,0
780000,2520,2152,1560,960
1.76E+06,3060,16000,3060,0
339950,2150,4000,2150,0
820000,2880,9750,2880,0
398000,1300,3865,1300,0
492000,2770,39927,1580,1190
240000,1780,14810,1180,600
599950,3730,15029,2440,1290
105500,930,7740,930,0
445000,930,7740,930,0
390500,1460,426450,960,500
255000,1310,8454,1310,0
675750,2770,10274,2770,0
1.64E+06,3140,5445,2240,900
353500,1770,9239,1770,0
765000,1220,7585,1220,0
563500,2190,4944,2190,0
439000,1800,5465,900,900
975000,3100,10014,1660,1440
469900,2270,4399,2270,0
252000,1300,8184,1300,0
495000,1769,9300,1769,0
570000,3370,15625,1770,1600
327000,1630,5361,1630,0
898000,2470,7658,1480,990
300000,2600,8572,2600,0
418500,1800,12440,1220,580
450000,2240,4616,1840,400
403000,1960,13100,1650,310
440000,1710,6556,1200,510
350000,2140,4959,1080,1060
240000,1400,6200,700,700
460000,890,2100,760,130
825000,1820,4000,1820,0
267500,1860,12000,1860,0
201000,1220,22443,1220,0
479500,2300,4637,2300,0
210000,1520,4700,1520,0
445000,1440,3225,960,480
265000,1170,8148,1170,0
399000,1170,8148,1170,0
785000,3200,53357,3200,0
831500,4470,35124,4470,0
360000,2570,4557,2570,0
655000,2370,7916,2370,0
449950,1800,10150,1800,0
612000,2300,7000,1290,1010
575000,3240,33661,3240,0
557000,2280,18241,960,1320
375000,1870,12500,1030,840
369000,1820,99752,1820,0
330000,2390,6282,1290,1100
1.03E+06,2110,6708,1410,700
550000,980,4800,980,0
338000,1250,7710,1250,0
1.90E+06,3680,13351,3680,0
235000,2230,8163,1230,1000
349950,1230,9300,1230,0
300000,2093,10350,2093,0
431000,1660,12865,1660,0
280000,1630,20750,1100,530
295000,1677,7209,1677,0
445000,2990,6383,2990,0
550000,2150,262231,2150,0
515000,2890,15067,2890,0
555000,3050,158558,3050,0
265000,1410,2500,1410,0
597000,2280,2432,1520,760
661000,1260,5800,1260,0
362764,1460,4350,1460,0
427000,1600,14000,1310,290
405000,2020,8531,2020,0
157000,1170,11530,1170,0
246500,1170,11530,1170,0
386500,1280,11071,850,430
300000,2680,15508,2680,0
240000,1770,8571,1270,500
818500,4790,12957,3110,1680
249000,1300,8500,1300,0
580000,2610,7700,1700,910
2.34E+06,4500,35200,4500,0
333000,2100,7366,2100,0
230000,1340,7605,1340,0
360500,970,6180,970,0
265000,2200,7200,1270,930
490000,990,5000,990,0
600000,1180,5000,880,300
307500,980,6530,980,0
670000,2370,9636,1660,710
247200,1910,10583,1910,0
2.60E+06,5270,12195,3400,1870
440000,1430,8400,1430,0
700000,2490,7694,2490,0
756100,2000,8317,2000,0
555000,2600,19275,1620,980
830000,2880,3750,2270,610
180000,1010,8863,1010,0
775000,3290,5600,2670,620
220000,1530,18400,1530,0
650000,2020,15810,1620,400
410000,1340,9975,1340,0
339995,2180,5367,2180,0
1.16E+06,2870,9680,1440,1430
440000,2070,9697,1330,740
275000,930,7080,930,0
766000,2270,9822,2270,0
231500,1630,7900,1130,500
472000,2770,89298,2770,0
1.33E+06,4010,37076,4010,0
265000,1970,8390,1140,830
325000,790,6000,790,0
364500,1740,8424,1040,700
322500,1130,8184,1130,0
338900,1180,4000,1040,140
910000,2350,4000,2350,0
1.02E+06,2350,4000,2350,0
459950,1850,6869,1100,750
584950,3220,6224,3220,0
252000,2050,11313,1520,530
270000,1430,8470,1190,240
750000,3210,8938,3210,0
775000,3520,12350,1530,1990
325000,2260,8120,2260,0
810000,3290,6422,3290,0
409000,1640,2128,1640,0
400000,1580,5340,1130,450
530000,1940,8270,1940,0
580000,1580,8506,1580,0
491300,1750,11340,1300,450
272000,1810,7350,1200,610
599950,1970,106722,1970,0
464000,1770,5146,1770,0
471001,1800,6000,900,900
230000,1500,11616,1100,400
358000,940,6695,940,0
510000,2340,6183,1210,1130
86500,840,9480,840,0
199950,840,9480,840,0
1.71E+06,2940,5432,2440,500
850000,3180,3680,2190,990
542000,2020,3440,1480,540
102500,820,4320,820,0
718000,4060,136290,2810,1250
625000,2660,22194,2180,480
350000,1010,11244,1010,0
216000,710,5120,710,0
340000,980,7228,980,0
505000,1100,5400,1100,0
372000,2840,6010,2840,0
263850,2300,7524,2300,0
1.35E+06,5370,20388,5370,0
325000,2280,9899,2280,0
289000,1010,7740,890,120
364000,1420,6600,1160,260
610000,2100,8800,1250,850
531500,3110,49765,3110,0
402500,2160,9540,2160,0
375000,820,6250,820,0
537500,4340,9108,2170,2170
375000,2100,9066,1440,660
293550,1250,8840,910,340
585000,3870,43787,2700,1170
225000,1360,2693,1360,0
185000,1400,8684,1400,0
402000,1450,7375,1010,440
585000,1880,16617,960,920
549000,1380,953,1380,0
1.81E+06,2910,15626,2510,400
345000,1380,10529,1380,0
302500,3100,11985,1790,1310
218500,1400,25500,1400,0
705000,1650,6840,1650,0
191000,840,5525,840,0
695000,2550,45254,2550,0
350000,2820,11770,1630,1190
480000,1710,4080,1130,580
220000,820,5200,820,0
535000,2620,33578,2620,0
1.00E+06,2430,23400,2430,0
592000,1560,7424,1560,0
775000,3060,6826,3060,0
320000,1680,4584,1680,0
760000,3320,15022,3320,0
640000,2390,8315,2390,0
253200,1360,5840,1360,0
228000,1800,9236,1800,0
325000,1160,9525,1160,0
530000,4160,35654,2760,1400
300000,1660,3200,1660,0
418000,1410,6030,1410,0
415000,2230,9625,1180,1050
384000,1700,4000,1700,0
325000,2070,8337,2070,0
600000,2300,12682,2300,0
760000,3040,9690,1940,1100
168000,1220,3568,1220,0
405000,960,3960,960,0
479000,1480,10094,1480,0
549000,1560,5130,1150,410
215000,1100,33600,1100,0
550000,900,5750,900,0
389000,2400,7700,1500,900
447500,2320,15024,2320,0
540000,2570,5590,1580,990
273500,1300,9638,1300,0
257000,2930,10148,2930,0
199000,720,7200,720,0
339100,2350,10655,2350,0
435000,2940,7590,2940,0
400000,2020,3000,1010,1010
356000,1430,365904,1010,420
395000,950,6951,950,0
575000,1250,4320,850,400
515000,1300,5120,1300,0
618250,2520,3360,1550,970
245000,1330,7125,1330,0
690000,2480,3240,1890,590
465000,3020,10010,1510,1510
280000,1770,8240,1240,530
285000,1930,6533,1230,700
320000,1650,7047,1650,0
355000,2580,9601,2130,450
670000,2570,10078,2570,0
550000,2880,7560,1440,1440
765000,2660,4500,1860,800
430000,1560,5225,1260,300
950000,3080,8448,3080,0
525000,2540,7200,1270,1270
300000,3080,8163,1580,1500
345000,2190,7258,2190,0
838000,2930,150945,2930,0
1.80E+06,2880,20274,1660,1220
390000,2160,98445,2160,0
1.15E+06,2110,18815,2110,0
295000,1830,5720,1830,0
775000,3180,7650,2530,650
380000,1880,6047,1880,0
550000,1140,8180,1140,0
199900,1798,11232,1798,0
329900,1670,5209,1670,0
898000,2580,11060,2580,0
875000,3720,12384,1860,1860
375000,2790,7956,2790,0
365000,2190,5091,2190,0
530000,2280,2850,1540,740
225500,1100,5200,1100,0
318000,2180,7000,1680,500
910000,2770,9798,2770,0
207000,1980,18730,1280,700
1.89E+06,4180,17935,4180,0
624500,3030,31920,1670,1360
640000,1690,1553,1690,0
500000,1990,65340,1990,0
390000,2250,8970,1500,750
284000,2080,2050,1550,530
620000,2460,41343,2460,0
306000,2588,5702,2588,0
495000,2570,12039,1910,660
499950,2370,12753,2370,0
330000,1070,10563,1070,0
665000,1940,5820,1150,790
850000,2650,2387,1830,820
599950,2290,6318,2290,0
360000,2050,9143,2050,0
699000,2680,5497,2680,0
475000,1520,8100,760,760
575000,2690,435600,2690,0
345000,1180,844,990,190
367950,3030,9500,3030,0
374500,1400,11400,1400,0
607500,3000,8100,3000,0
374000,1200,9800,1200,0
390000,1000,6947,1000,0
705000,2740,5339,2740,0
467000,1990,4978,1990,0
243500,2110,7794,2110,0
593000,1830,1850,1690,140
223000,940,7980,940,0
574000,2980,10179,2980,0
400000,2260,11305,1130,1130
772000,3470,70131,1750,1720
593777,1510,10450,1510,0
539500,2710,5722,2040,670
550000,2080,2625,2080,0
265000,1860,10856,1260,600
428000,2120,9350,1280,840
505000,1110,8375,1110,0
925000,5190,12637,5190,0
230000,1520,15344,1520,0
695000,2650,9990,2650,0
700000,3350,7857,3350,0
712500,1770,2800,1770,0
480000,2200,4692,2200,0
470000,2000,8424,1300,700
335000,1730,15003,1150,580
270000,1300,7907,900,400
810000,2950,67475,2530,420
589000,1720,954,1460,260
415000,880,4558,880,0
197000,1790,13200,1220,570
235500,1380,7600,790,590
460000,1530,1840,1240,290
572500,2330,4947,1380,950
302000,1540,9629,1540,0
870000,3210,8630,2530,680
485000,1130,5758,960,170
240000,1460,7526,1460,0
383000,1410,7215,1410,0
750000,1750,5080,1750,0
409950,1370,5125,1370,0
246000,1780,23819,1780,0
860000,1890,4500,1490,400
339950,1630,12295,1630,0
315000,2320,8100,1160,1160
698000,2580,4636,2580,0
419000,1470,2034,1470,0
372000,2298,10140,2298,0
425000,1960,4709,1960,0
386500,2950,8036,1950,1000
348000,670,7312,670,0
754000,3020,15305,2230,790
269950,2390,7309,2390,0
891500,3090,20785,3090,0
349950,1780,5000,890,890
360000,1420,81892,1180,240
975000,2420,15482,2420,0
449250,1480,3844,1480,0
350000,2190,3850,2190,0
790000,1820,6137,1690,130
990000,1810,24586,930,880
834000,2550,4089,2550,0
466950,1360,3880,1060,300
262500,2259,26831,1491,768
762300,3880,14550,3880,0
733000,2730,5000,1780,950
439000,2800,17279,1560,1240
1.16E+06,4290,7019,3590,700
420000,1770,3993,1770,0
549000,1920,10961,1920,0
518000,2320,4000,1510,810
695000,2961,12146,2961,0
485000,1680,7385,1680,0
280000,1590,27200,1590,0
306500,1420,16400,1420,0
720000,1370,9460,1370,0
277500,2620,4558,2620,0
649000,1810,17006,1810,0
3.40E+06,4730,47870,2940,1790
267800,700,6000,700,0
625000,2390,6979,2390,0
600000,2070,8127,1590,480
395000,1780,8149,1780,0
212000,1900,21780,1900,0
425000,1040,4040,940,100
870000,2370,5000,1770,600
420000,1970,3667,1970,0
800000,2120,9921,2120,0
575000,1960,9535,1960,0
915000,2660,4000,2170,490
400000,1180,14258,1180,0
750000,2390,6550,1440,950
235000,1250,7592,1250,0
599950,2600,13674,1300,1300
481203,940,3800,940,0
1.82E+06,3880,13000,3880,0
379000,1530,2913,1530,0
626000,2430,5000,1760,670
535000,1030,4841,920,110
1.23E+06,2740,16007,2740,0
410000,1180,1034,1120,60
940000,3090,9238,1680,1410
326250,1060,9663,1060,0
200000,790,5985,790,0
880000,3070,8250,2100,970
370000,2100,58488,2100,0
190000,1100,1737,1100,0
160000,1070,4200,1070,0
625000,2190,12825,1520,670
590000,3450,6873,2750,700
575000,2070,3599,2070,0
470000,1190,5200,1190,0
130000,600,1500,600,0
229000,940,8400,940,0
279900,1280,12928,1280,0
307000,1370,7500,1370,0
399950,2450,15001,1980,470
405000,1970,15743,1370,600
539950,2910,9000,2130,780
129000,760,5240,760,0
340000,1270,8422,1270,0
214950,1570,4875,1310,260
450000,2310,5650,1330,980
515000,1900,5000,950,950
1.40E+06,3780,5160,2510,1270
230000,1060,9946,1060,0
681000,1880,10032,1880,0
255000,1160,8636,1160,0
580000,860,4013,860,0
295000,1590,8000,910,680
286000,1170,6543,1170,0
425000,1190,8100,830,360
170000,1300,11400,1300,0
380000,1660,8281,1660,0
506000,1160,6120,1160,0
315000,1950,9618,1950,0
449950,2470,3811,2470,0
255000,1430,12420,1430,0
289000,1970,9607,1090,880
389000,1400,10018,1400,0
327000,1510,344124,1510,0
2.89E+06,5350,14400,5020,330
210000,920,6612,920,0
1.68E+06,7620,29536,5980,1640
360000,2490,4751,2490,0
875000,3030,16000,3030,0
550000,1650,7200,1650,0
257500,1210,12500,1210,0
1.08E+06,2990,7389,2090,900
202950,1060,5144,1060,0
622000,2680,6120,1340,1340
455000,1790,45738,1410,380
805000,2690,17461,2690,0
257000,770,9497,770,0
744500,2700,16570,1750,950
885000,2620,9157,2620,0
355000,930,747,630,300
240000,1340,7000,1340,0
169000,1470,18459,1470,0
639900,2330,4160,2330,0
292000,1730,11325,1730,0
563500,2780,7838,2780,0
389000,1200,7131,1200,0
2.75E+06,4430,21000,4430,0
661000,1820,4418,1820,0
344000,1300,4659,1300,0
510000,680,6600,480,200
289000,780,4132,780,0
365000,2430,7614,1900,530
410000,1750,32500,1750,0
535610,1610,5100,1010,600
397950,2120,7620,2120,0
284000,1430,4850,930,500
201000,1360,8100,1360,0
734000,2530,5000,1690,840
357500,3270,9146,3270,0
550120,2620,8050,1520,1100
300000,1810,8232,1810,0
374950,2120,9653,2120,0
602500,2190,41000,2190,0
221000,980,7606,980,0
920000,2230,4400,1730,500
235000,1540,9279,1540,0
375000,980,7296,980,0
599000,2120,3640,2120,0
562100,2090,12112,2090,0
640000,1620,1377,1100,520
294000,1650,11256,1250,400
714000,3230,7766,3230,0
970000,2790,5420,1130,1660
280000,1600,7916,1600,0
260000,1790,4358,1790,0
294000,2060,15050,2060,0
255500,1370,41194,1370,0
3.30E+06,6200,13873,4440,1760
450000,1510,43560,1510,0
368000,1280,9898,1280,0
830000,2180,11056,1370,810
282500,1440,11210,1130,310
335000,1580,16215,1580,0
558000,1580,5750,790,790
270000,1730,8505,1730,0
152000,700,13500,700,0
493000,2030,18295,2030,0
740000,2500,10330,2500,0
789800,2605,2216,2090,515
275000,910,4191,910,0
1.50E+06,3560,6480,3560,0
424000,1140,3395,620,520
715000,1000,3513,1000,0
600000,3010,7953,3010,0
802000,2110,8700,1760,350
165000,910,8700,910,0
750000,2050,5000,1370,680
405000,1090,10481,780,310
521900,2100,12338,2100,0
275000,1000,8018,1000,0
600000,4410,58157,2330,2080
442500,1800,10200,1800,0
229950,920,7716,920,0
274950,1410,7265,1410,0
407185,1860,48076,1860,0
468000,2100,8400,1240,860
450000,1030,4365,1030,0
219950,940,8997,940,0
275000,1340,5995,1340,0
229950,850,6000,850,0
675000,2130,4400,1430,700
412950,2430,6796,2430,0
670000,2290,39000,2290,0
420000,1230,10005,1230,0
358000,1150,27319,1150,0
680000,2120,3600,2120,0
380000,980,3400,980,0
515000,2130,219978,2130,0
325000,1050,4800,1050,0
875000,1820,6848,1820,0
426000,2210,5750,1710,500
868500,2490,9639,1610,880
657500,4140,24190,4140,0
366000,1210,3090,860,350
385000,1010,4000,1010,0
300000,2050,8750,1300,750
810000,2060,3300,1500,560
460000,1560,7200,860,700
459000,1780,4000,1780,0
260000,1460,10000,1460,0
557865,3030,6813,3030,0
295000,980,3000,980,0
375000,1450,7245,1450,0
2.11E+06,3230,17833,3230,0
307300,1520,1020,1520,0
225000,1410,7000,1410,0
290000,1390,13200,1390,0
690000,2230,5000,1510,720
825000,2110,12653,2110,0
645000,2270,11472,1370,900
590000,2530,10611,1320,1210
667000,1900,5470,1180,720
664000,2390,8432,2390,0
452100,3160,6540,1580,1580
290000,900,2728,900,0
950000,3610,17483,3610,0
662500,2070,4200,1670,400
475000,1850,5444,1850,0
450000,1440,9711,1140,300
538250,2590,15229,2590,0
329950,1140,5250,1140,0
1.10E+06,2760,5040,2760,0
307000,1310,4800,1110,200
433000,1870,7189,1270,600
212000,1900,18000,1280,620
750000,2860,6000,2380,480
279000,1640,5650,1640,0
476000,1140,5500,1140,0
368000,2590,9394,1390,1200
228950,2160,5200,1320,840
568450,3260,58806,3260,0
619000,1660,3800,1660,0
275000,1640,6044,1640,0
321500,2620,5457,2620,0
230000,950,6000,790,160
179500,900,8100,900,0
460000,1650,7313,1220,430
286000,1800,3980,1800,0
427500,1480,4200,1480,0
400000,1040,6250,1040,0
675000,2300,5611,2300,0
350000,2480,8906,1240,1240
385000,1970,10358,1540,430
525000,1530,3503,830,700
315000,970,18557,970,0
820000,2920,252648,2920,0
205000,970,7700,970,0
500000,680,5250,680,0
599000,2640,6738,2640,0
2.23E+06,4200,30120,3600,600
299000,1980,7521,1180,800
947500,2980,27144,2180,800
385000,1630,1677,1630,0
639950,1780,4520,890,890
824000,1210,8400,780,430
199950,1010,7245,1010,0
1.01E+06,2570,5000,1480,1090
950000,2770,5320,2440,330
822000,2290,9158,2290,0
473600,1780,8400,1080,700
490000,2150,4500,2150,0
245000,1920,9306,1000,920
199000,1220,11730,1220,0
1.34E+06,2960,5500,2440,520
418000,1500,19113,1500,0
450000,2830,8625,1830,1000
280000,1580,7000,1580,0
273000,1230,11601,910,320
549000,2910,6338,2910,0
913888,2370,15512,2370,0
689888,1930,3500,1540,390
305000,1780,5043,870,910
602500,2760,6850,2760,0
355000,1620,3640,900,720
756000,2160,7525,2160,0
289950,2190,6906,1040,1150
800000,3240,7857,3240,0
403000,720,3255,720,0
350000,1410,1340,1370,40
1.29E+06,2980,5100,2370,610
525126,1950,8025,1150,800
241450,1100,8138,1100,0
320000,1400,9087,1400,0
234000,1710,7455,1030,680
441000,2000,3600,1150,850
474500,2000,3600,1150,850
705000,1440,2618,1440,0
517500,1520,3370,1520,0
142500,1440,13300,1440,0
310000,1010,10005,1010,0
749500,2440,9727,2440,0
360000,2480,7200,1560,920
267500,1090,22080,1090,0
290000,1480,32700,1380,100
850000,2800,11325,1400,1400
815000,1820,4500,1820,0
2.20E+06,5840,11652,4410,1430
1.63E+06,2980,3600,2150,830
175000,1220,7300,1220,0
429950,1830,9758,1300,530
675000,2900,5505,2900,0
580000,1940,5980,1520,420
240000,1750,7800,1750,0
374000,1850,17808,1210,640
862500,3220,4400,2180,1040
140000,1080,6052,1080,0
740000,3990,18897,3090,900
589000,920,3600,820,100
275000,1290,9760,1290,0
489900,2090,4196,2090,0
545000,1900,3366,1900,0
235000,1360,7132,1360,0
230000,1000,4000,1000,0
655000,2170,4080,1920,250
185000,820,16030,820,0
196000,1090,7400,1090,0
572000,1830,7897,1290,540
615000,3010,6903,3010,0
1.95E+06,4150,17424,3130,1020
1.23E+06,2930,4320,2130,800
375000,1520,5649,1520,0
295000,1250,9486,1250,0
760000,2760,6000,2230,530
347000,1330,7848,1330,0
712000,1700,5100,1500,200
495000,2050,4000,1210,840
925000,3140,10437,2040,1100
775000,2030,4080,1840,190
429000,2100,7920,1400,700
229000,1010,12705,1010,0
400000,1980,113691,1980,0
625000,2100,8290,2100,0
130000,840,6654,840,0
349000,1690,5080,1190,500
365000,2140,26600,2140,0
487500,1810,1988,1350,460
475000,2600,7210,2600,0
685000,1650,8400,1470,180
960000,2460,4800,1230,1230
1.10E+06,4320,7620,2880,1440
428000,2600,15000,2600,0
435000,1930,5790,1930,0
769950,2190,5400,1260,930
385000,1420,10980,1200,220
352000,2090,3002,1670,420
622500,2290,14374,2290,0
660000,2470,11900,2290,180
105000,840,8400,840,0
420000,2100,4480,1400,700
499950,1360,11250,1360,0
975000,3420,22421,2270,1150
665000,1930,2960,1490,440
540000,2180,10140,1180,1000
400000,1670,12056,1670,0
469950,2720,6427,1650,1070
777000,3170,9900,3170,0
346500,1610,6300,1010,600
685000,2370,4950,2370,0
396500,2590,18980,2590,0
783500,2850,7130,1990,860
575000,1660,4800,1660,0
1.50E+06,5550,12968,5550,0
515000,2200,7620,1130,1070
300000,2020,6628,1250,770
272000,1760,9600,1760,0
355000,1810,4970,1810,0
223000,1310,8440,1310,0
397000,3000,8584,3000,0
460000,1080,5000,1080,0
848000,2170,2738,1550,620
392800,740,4275,740,0
1.69E+06,5290,224442,4540,750
1.80E+06,5290,224442,4540,750
577000,2370,7878,2370,0
570000,1890,3330,1390,500
250000,1160,6134,1160,0
645000,1550,7350,1550,0
567500,3090,67082,3090,0
337000,2610,5240,2610,0
280000,1230,8250,1230,0
167000,1280,5547,1280,0
280000,1880,7560,940,940
317500,1220,8409,1220,0
405500,1350,1252,1120,230
495000,2370,15336,2370,0
691000,3040,11651,3040,0
480000,2080,217800,2080,0
549010,1560,4141,880,680
750000,2980,5809,2980,0
365000,870,5689,870,0
412500,1660,10716,1100,560
425000,1870,9000,1440,430
920000,1410,9656,960,450
340000,2180,8000,1630,550
405000,2620,8960,1520,1100
537100,2450,7051,1870,580
353500,3250,4650,3250,0
522000,1150,7080,1150,0
710000,2780,6978,2780,0
329950,1360,13320,1360,0
830000,2810,14207,1540,1270
800500,1780,11130,1780,0
168500,1100,10125,1100,0
490000,2230,5348,2230,0
579000,1710,1904,1140,570
600000,2620,9873,2620,0
445000,1990,4725,1190,800
362500,1450,8450,1450,0
234000,1630,9010,1050,580
321500,730,1942,730,0
660000,1980,3300,1140,840
319000,1730,36356,1730,0
314000,1350,217852,1100,250
517950,1410,5000,740,670
525000,2360,10081,1180,1180
319500,1190,8450,1190,0
1.58E+06,3760,10920,2400,1360
325000,1220,12426,1220,0
795000,2920,32219,2920,0
850000,1590,5136,1320,270
1.01E+06,3510,10930,3510,0
475000,1320,1310,1320,0
375000,1610,11250,1090,520
405000,1410,8053,1410,0
420000,2170,10500,1570,600
775000,1890,4800,1390,500
800000,3260,5000,3260,0
436800,2080,12714,1540,540
620000,2040,4005,1740,300
230000,1250,9035,1250,0
165000,850,8050,850,0
490000,850,8050,850,0
480000,1600,8400,1600,0
570000,2400,6975,2400,0
615000,1870,4894,1750,120
280000,1720,9605,860,860
326000,1030,9834,1030,0
550700,1190,1499,1100,90
600000,910,2002,910,0
450000,1290,47044,1150,140
546000,1530,1324,1280,250
585000,2330,33750,2330,0
489000,2090,7667,1200,890
765000,1570,7000,1050,520
519000,1560,26099,1560,0
262000,1500,4120,880,620
550000,2160,5005,1430,730
285000,780,5000,780,0
476000,2340,17541,1360,980
2.20E+06,3570,30456,2070,1500
335000,720,5100,720,0
510000,2990,102366,2990,0
291000,1860,13939,1860,0
335000,1950,13440,1950,0
415000,1860,9003,1490,370
430000,1550,6039,830,720
270000,1610,6205,1210,400
760000,1810,4500,980,830
450000,1730,4248,1730,0
425000,1230,23522,1230,0
725000,2130,3420,1730,400
700000,2190,11060,1610,580
998000,4130,10404,4130,0
396000,1680,9766,1680,0
547000,1480,8381,1480,0
302000,1790,10200,1210,580
999000,2810,2700,1900,910
633000,2360,10000,1980,380
265800,1460,7361,1460,0
530000,2160,8114,1460,700
605000,2610,9132,1320,1290
489000,2170,4587,2170,0
305000,2160,12960,1360,800
513000,2020,7070,1010,1010
765000,2980,5000,2980,0
550000,1300,2970,990,310
974350,3090,10730,2420,670
653675,2280,7229,2280,0
245000,1260,8614,1260,0
700180,1530,4387,1020,510
510000,1830,8133,1390,440
390000,1610,10292,1190,420
606500,2170,5500,2170,0
1.50E+06,5020,26319,5020,0
290000,1620,7772,1620,0
115000,1080,7942,1080,0
500000,1940,37565,1940,0
139950,844,4269,844,0
580050,2360,4638,2360,0
550000,2010,2261,1390,620
465000,800,3060,800,0
354950,970,5922,970,0
980000,3720,7150,3720,0
500000,2010,7447,2010,0
667750,1430,4080,1430,0
735000,2250,11520,2250,0
361000,2130,8742,1330,800
276750,1620,12482,1290,330
760000,3140,3680,2310,830
475000,870,7975,870,0
234000,1820,8217,1120,700
234950,1510,9153,1510,0
269950,1320,7540,1320,0
495000,1800,7318,1800,0
438000,1120,6380,1120,0
260000,2160,22702,2160,0
697000,3220,6399,3220,0
212625,960,5000,960,0
593000,2640,4400,1840,800
410000,2430,7243,2430,0
445434,1470,7137,1020,450
200126,2040,15463,1340,700
290700,1670,6666,1670,0
248000,1010,7515,1010,0
345000,540,10125,540,0
525000,1240,4800,800,440
400000,1510,8385,1510,0
532000,1820,5750,1120,700
159995,1000,5026,760,240
287000,2040,11772,1030,1010
1.12E+06,3690,11191,2190,1500
765000,2310,11993,2310,0
185000,1090,9605,1090,0
430000,1150,3000,1150,0
346000,2100,3916,2100,0
607000,2150,16728,1240,910
417000,2500,6000,1730,770
930000,3530,9385,3530,0
573300,1290,6600,870,420
260000,2010,10816,1410,600
280000,420,6720,420,0
825000,2180,4000,2180,0
307000,1150,8184,1150,0
595000,2000,5100,1130,870
528000,2780,7786,1390,1390
600000,1550,7764,1550,0
275000,2180,12875,1480,700
782000,1570,3600,1320,250
610000,2260,33042,1660,600
488000,1600,3200,1600,0
320000,1630,5000,930,700
153500,890,4810,890,0
414500,1350,9450,1350,0
750000,2850,11860,2850,0
349990,1350,165092,1350,0
645000,3280,79279,3280,0
425000,1090,6000,1090,0
785000,2990,9374,2990,0
290000,1340,63597,1340,0
415000,1340,63597,1340,0
248500,720,5160,720,0
325000,2330,8627,1480,850
272925,1280,5728,1280,0
500000,1570,1269,1280,290
250000,1510,5500,1510,0
470000,2470,8536,2470,0
440000,1190,3400,990,200
299999,1981,4828,1981,0
255000,1590,7810,1590,0
415950,1150,7700,1150,0
402000,2160,7200,1220,940
729000,1770,30689,1770,0
635000,2470,8840,1780,690
479000,1710,8998,1710,0
462370,1860,2670,1860,0
171500,1150,6480,1150,0
925000,3850,9457,2910,940
675000,3410,9600,1870,1540
320000,1890,43560,1890,0
499950,3200,43560,3200,0
435000,2170,65340,1670,500
359800,2390,6426,2390,0
239900,1410,7566,1410,0
295000,740,4459,740,0
380000,2150,25705,2150,0
435000,2180,6500,1410,770
508000,820,5040,820,0
2.40E+06,5480,10800,4430,1050
234500,1960,7875,1220,740
355000,1270,3200,960,310
230000,1710,5200,1030,680
345000,1930,9000,1150,780
430000,1200,4500,1200,0
500000,1680,17409,1680,0
378000,1300,6075,1300,0
345000,1540,3237,1540,0
410000,870,4000,870,0
750000,1890,5400,1610,280
485000,2050,8913,1330,720
105000,880,18109,880,0
1.03E+06,2780,4000,1960,820
360000,1160,10988,1160,0
294000,2300,7600,1400,900
400000,3140,12792,3140,0
325000,2300,6200,1150,1150
770000,2900,23550,1490,1410
443000,1920,8223,1920,0
325000,1150,7486,1150,0
760000,3120,8792,3120,0
640000,2560,7798,1890,670
415000,1410,4303,1410,0
156000,970,8580,970,0
996000,3620,8131,2730,890
415000,880,5100,880,0
615000,1900,3783,1110,790
717000,2540,4241,2540,0
548000,1690,7794,1090,600
425000,1120,6653,1120,0
325250,2130,9339,1330,800
1.23E+06,3420,79279,3420,0
557500,1900,11165,1900,0
1.26E+06,3730,16950,3730,0
249950,1790,2003,1480,310
260000,2250,7345,1320,930
1.99E+06,2880,13500,1520,1360
442900,1780,2788,890,890
475000,1580,12177,1200,380
365000,3260,9253,3260,0
780000,3180,9603,3180,0
930000,2460,4240,1230,1230
2.89E+06,8670,64033,6120,2550
350000,1020,4980,850,170
357500,1630,9403,1630,0
520000,3290,11446,3290,0
330000,1940,3784,1940,0
310000,1350,11150,1110,240
279000,1110,6060,1110,0
540000,2993,19400,2233,760
322000,2280,7200,2280,0
380000,3800,15500,2490,1310
320000,850,8400,850,0
400000,1560,8456,1560,0
412000,1000,3844,900,100
887200,1400,5100,1400,0
395000,1540,5120,770,770
895000,3570,10273,2630,940
195000,800,5280,800,0
390000,1160,3750,1160,0
165000,1010,7690,1010,0
255000,1010,7690,1010,0
589000,2390,57599,2390,0
505000,1610,4611,1610,0
335750,2400,7260,1440,960
719000,1800,5816,900,900
796000,2110,3000,2110,0
95000,960,7000,960,0
525000,2600,5238,1890,710
417000,1340,10224,1340,0
410000,1410,5000,980,430
984000,2390,12292,2390,0
325000,1180,834,1180,0
314950,1040,16986,1040,0
350000,1840,9929,1200,640
1.05E+06,2630,4000,1810,820
657000,2640,25038,2640,0
234950,1720,3132,1720,0
410000,2320,7500,1220,1100
625000,1840,5664,1270,570
706000,2890,15891,2890,0
485000,2200,7706,2200,0
685000,1660,5150,1280,380
242050,2170,9900,1690,480
770000,3310,5000,3310,0
557000,1450,3840,950,500
246000,1440,11325,1440,0
194000,1760,7700,1760,0
720000,3170,7187,3170,0
449000,1250,4576,1040,210
925000,3280,209088,3280,0
570000,2460,10401,1700,760
395000,1470,10125,1470,0
1.00E+06,1780,15648,1780,0
406000,1580,8475,1580,0
574800,1630,2946,1630,0
309000,2240,9240,1120,1120
770000,2430,54059,2430,0
525000,1940,5625,1440,500
419000,1970,4058,1970,0
479000,2050,6705,1230,820
160000,1340,18552,1340,0
333000,1880,9880,1880,0
310000,860,12160,860,0
666000,2140,2868,1770,370
2.23E+06,3620,28064,2370,1250
310000,2370,7320,2370,0
350000,1860,21876,1860,0
610000,2110,5000,1640,470
564800,1990,8501,1990,0
438000,1820,9150,1320,500
855000,3120,9400,1820,1300
229000,1190,3000,1190,0
260000,1170,5450,1170,0
609000,2630,10131,2630,0
277000,1450,6250,990,460
283000,2100,8160,1200,900
334000,1680,8367,840,840
267000,2000,7350,1100,900
385000,1030,3000,830,200
640000,2020,6565,1120,900
532500,2220,23750,2220,0
335000,1750,8476,1240,510
415000,1710,4920,1710,0
1.10E+06,3560,107362,2760,800
1.44E+06,2720,16637,2160,560
180000,1010,10215,1010,0
335000,1830,4500,1830,0
835000,4480,42717,4480,0
592500,2080,4400,2080,0
418900,1470,11112,1470,0
340000,1600,7324,1600,0
545000,1340,7200,1340,0
1.38E+06,3680,8680,3680,0
183750,1770,3451,1770,0
295000,980,10640,980,0
625000,2530,5625,1470,1060
290000,2390,4500,2390,0
760000,3600,155509,3600,0
560000,3270,24750,1690,1580
475000,2300,28480,2300,0
620000,1710,4050,1710,0
330000,1170,4000,1170,0
620000,1990,6256,1390,600
320000,1710,10480,1710,0
525000,1740,2350,1120,620
802500,3320,8030,3320,0
569500,1960,3194,1960,0
850000,2820,5400,1620,1200
630000,1590,4080,1590,0
454800,2490,10720,1400,1090
177000,870,5200,870,0
275000,1860,15681,1860,0
460000,2930,29136,2240,690
729000,1580,3840,1580,0
935000,4110,15488,4110,0
481450,1410,4800,1410,0
860000,2090,4190,1490,600
274000,1400,8364,1400,0
499000,1690,1432,1360,330
696500,3210,61419,3210,0
390000,1190,85226,1190,0
265000,960,9748,960,0
470000,2380,17199,1530,850
168500,1020,7742,1020,0
220000,1290,8250,1290,0
295000,1830,17321,1100,730
1.48E+06,4770,31570,4770,0
1.30E+06,2910,19449,1940,970
285000,950,10723,950,0
294950,1160,8950,1160,0
1.47E+06,4930,22093,4930,0
565500,1780,5850,980,800
230000,1410,10625,1410,0
569950,2700,443440,2700,0
721000,1790,4250,920,870
565000,4040,8653,2900,1140
438000,1990,9885,1030,960
369900,2150,19127,1650,500
405000,1850,9136,1850,0
282000,1680,15711,1240,440
380950,1430,7819,1110,320
349810,960,8855,960,0
690000,2700,8810,2700,0
653000,1290,5141,1050,240
526500,1860,43170,1860,0
1.04E+06,4320,8490,3280,1040
335000,2130,3825,2130,0
570000,2870,102366,1770,1100
1.08E+06,3740,11340,3740,0
475000,2130,8022,2130,0
315000,1210,4250,1210,0
405000,2800,29985,1400,1400
562000,3040,8111,3040,0
295000,1570,6932,1570,0
383000,2090,15000,2090,0
242000,1690,7292,1250,440
352500,1470,17577,1470,0
239950,1460,6000,730,730
998000,3030,6820,2530,500
515000,1190,4500,1190,0
590000,1840,6710,1840,0
1.16E+06,3560,13959,3560,0
289000,1580,9750,1580,0
424000,1230,7200,1230,0
199000,1440,9477,1440,0
730000,4420,7902,3350,1070
244000,910,5250,910,0
240000,670,10920,670,0
797000,2650,8610,2650,0
350000,2220,6953,2220,0
415000,1640,6435,1190,450
378510,770,5185,770,0
1.20E+06,3960,6654,2850,1110
379900,1140,7620,1140,0
620000,2480,9041,2480,0
524500,1580,3172,900,680
270000,1990,7252,1270,720
236000,1830,9485,1200,630
308500,840,14564,840,0
989900,3320,11350,1660,1660
299000,2050,26000,2050,0
295000,1560,43748,1560,0
110000,800,15000,800,0
295950,1190,6200,1190,0
270000,1300,4127,650,650
712000,3400,247421,3400,0
475000,1170,1250,1170,0
410000,2510,5258,2510,0
588000,2510,19550,1810,700
420000,2390,3903,1970,420
355000,2200,3404,2200,0
446000,2550,21675,1610,940
765000,2560,12100,1760,800
967500,3250,5797,2370,880
381000,1340,4447,1340,0
490000,2840,107157,2840,0
716000,2480,9780,1900,580
605000,3060,8862,3060,0
312200,2910,8596,2910,0
327000,1900,9000,1290,610
229950,1300,21000,1300,0
160000,1480,7000,1000,480
255000,1250,9472,1250,0
530000,2000,4700,1220,780
239000,1330,6540,900,430
285000,1840,6214,1270,570
537000,1560,7104,1140,420
530000,3150,21893,3150,0
213675,1560,6013,1560,0
530000,2910,9636,1690,1220
780000,2940,15875,2940,0
390000,950,3621,950,0
450000,1200,4000,1070,130
420000,1000,5375,1000,0
550000,1490,3880,1490,0
110000,600,6120,600,0
700000,2320,5500,1720,600
807500,3190,24170,3190,0
179000,990,8760,990,0
1.61E+06,5470,18200,3730,1740
655000,2890,46609,2890,0
472500,1790,6800,1240,550
299000,2350,6958,2350,0
740000,3430,10157,3430,0
860000,2600,15064,1700,900
620000,2130,6325,1440,690
410000,1660,5987,960,700
343000,2473,9282,2473,0
465000,1430,1425,995,435
273950,1570,3109,1570,0
825000,1240,42247,1240,0
255000,1720,6200,1720,0
250000,1140,11161,1140,0
635000,2690,7200,1720,970
240000,1520,9600,1520,0
670000,2040,7031,2040,0
713414,2830,6000,1730,1100
245000,1340,7391,1340,0
600000,2520,10850,1680,840
270000,1660,5550,1660,0
190000,880,6900,880,0
435000,980,5000,980,0
560000,1360,5814,1360,0
998000,3710,34412,2910,800
725000,940,8377,940,0
210000,970,8874,970,0
513000,1500,1312,1500,0
290000,2780,9652,1390,1390
1.26E+06,3110,9930,1640,1470
330000,1860,11227,1860,0
189000,1010,7560,1010,0
907500,2850,6281,1900,950
410000,2280,200811,2280,0
1.05E+06,3080,10757,3080,0
622100,2280,14290,1510,770
250000,2030,14400,1310,720
1.18E+06,2570,4000,1750,820
925000,3640,10300,2060,1580
554000,1760,4046,960,800
545000,2760,17377,2760,0
660000,2650,11250,2650,0
1.90E+06,5160,44315,5160,0
260000,1480,8625,1480,0
219900,860,6664,860,0
373500,2610,4978,2610,0
380000,1470,81021,1470,0
1.06E+06,4570,16015,4570,0
2.60E+06,3410,16015,2220,1190
450000,1760,10013,1760,0
379950,2040,12065,2040,0
834800,3470,4171,3470,0
365000,680,4800,680,0
465000,1494,19271,1494,0
452000,1250,4000,1250,0
840000,3570,6250,2710,860
465000,2000,6250,1480,520
295000,2030,4867,2030,0
396000,1390,6160,1390,0
397000,1030,12350,1030,0
240000,1280,9000,1280,0
300523,2370,6840,2370,0
215500,1380,9000,1380,0
552500,2320,7229,1370,950
375000,2050,9360,1520,530
160000,1210,103237,1210,0
1.07E+06,3270,35445,3270,0
952000,2450,4400,1800,650
523460,1890,5000,1090,800
305950,2007,4968,2007,0
220000,1430,9044,1430,0
289000,2056,52333,1048,1008
648000,2210,10772,1430,780
825000,2330,6000,2080,250
400000,2070,10800,2070,0
420000,1480,1369,1480,0
389000,1160,4848,1160,0
865000,2520,4950,2520,0
345000,1770,16660,1220,550
700000,3110,123710,2430,680
550000,1680,10455,1680,0
201500,1320,5000,1320,0
459000,1320,5000,1320,0
327000,1810,7350,1310,500
540000,1140,6700,1140,0
805000,4600,19831,2300,2300
521000,1840,6000,1840,0
375000,2000,7294,1520,480
235000,1480,6592,1080,400
240000,2040,11841,2040,0
575000,2060,12155,2060,0
1.52E+06,3720,11690,3720,0
394500,3002,6042,3002,0
174950,1060,5200,1060,0
383000,1830,21183,1060,770
249950,1550,15040,1550,0
431000,1690,2752,1690,0
459900,2580,11000,1290,1290
475000,2510,8050,1490,1020
605000,1290,2500,1290,0
234950,1450,7560,1450,0
419000,2690,7947,2690,0
910000,3340,10890,2240,1100
392000,2600,8921,2600,0
915000,3140,9808,2500,640
630000,3800,13995,3800,0
416100,2320,5490,1160,1160
285000,2360,7350,1440,920
353000,1100,9600,1100,0
297950,1390,5127,1390,0
750000,2180,21392,2180,0
525000,1730,1074,1730,0
495000,2760,18112,1510,1250
710000,2430,11448,1620,810
310000,2010,12950,2010,0
205000,1730,5200,1050,680
530000,2450,211266,2450,0
725000,3300,28433,3300,0
195000,720,9520,720,0
401000,1240,11172,1000,240
1.03E+06,3050,8200,1650,1400
251000,1590,21600,1590,0
667500,2040,4841,1020,1020
300000,1840,5550,1840,0
610000,1960,9021,1960,0
1.04E+06,4110,43560,4110,0
430000,1830,19965,1400,430
455000,1330,92782,1330,0
600000,2190,9072,1110,1080
638000,1720,1587,1410,310
561000,1710,5000,1360,350
625000,2180,5000,1240,940
263950,1700,11613,1180,520
740000,2960,9350,2960,0
234999,1330,8912,1330,0
380000,1940,3200,1940,0
329500,1500,9656,1170,330
464950,2230,64438,1230,1000
500000,1700,9008,1340,360
415000,1840,11367,1840,0
437500,2100,205603,2100,0
599000,2580,5750,1880,700
367000,2350,8182,2350,0
530000,760,3000,760,0
989000,3280,4000,2440,840
462600,1320,4000,1020,300
875000,1690,10592,1690,0
335000,2060,47318,1600,460
393000,1450,5456,1450,0
1.34E+06,2760,4905,1840,920
590000,2830,5788,2830,0
671000,1890,1475,1200,690
925000,2610,4500,1660,950
245000,1900,7250,1250,650
392500,930,6572,930,0
505000,2730,12000,1410,1320
702000,2650,6240,2650,0
337000,1010,4000,1010,0
920000,3550,10233,3550,0
495500,2130,6360,1720,410
245000,1840,7230,1570,270
395000,1320,1824,1320,0
335000,990,6315,990,0
187000,1020,10346,1020,0
450000,1570,7320,1570,0
280000,1930,7207,1360,570
1.38E+06,3760,22763,1910,1850
265000,1000,31505,1000,0
795000,1930,9600,1930,0
510000,2240,3800,1370,870
699900,2190,11500,1430,760
839000,2400,12469,1760,640
396000,1970,12409,1220,750
365000,2860,8458,2860,0
440000,1900,7225,1220,680
405000,2090,6667,2090,0
295000,850,2500,850,0
275000,1840,1562,1400,440
295000,820,288367,820,0
1.50E+06,4370,12240,3270,1100
795000,3190,10223,2560,630
650000,3480,36615,2490,990
260000,1690,13184,1690,0
382000,1650,2710,1650,0
790100,2590,9341,2590,0
220000,2160,8005,2160,0
799000,3500,8547,2500,1000
1.48E+06,3920,7200,3120,800
367300,2190,14937,2190,0
805000,1890,4500,1490,400
730000,1860,3400,1010,850
402000,1720,7704,1160,560
750000,2600,4674,1560,1040
458000,1570,12196,1570,0
898000,3530,9753,3530,0
308000,1960,5642,1960,0
385000,2230,8296,2230,0
1.02E+06,2720,4800,1790,930
1.43E+06,2840,6240,2440,400
240000,1260,7362,1260,0
217000,1860,8505,1860,0
972000,2010,6300,1610,400
361280,820,6400,820,0
385000,1220,1450,620,600
475000,2220,60984,2220,0
724950,2860,3638,1720,1140
935000,4230,9701,4230,0
169950,840,8470,840,0
585000,2290,5089,2290,0
585000,2290,5089,2290,0
480000,3480,12821,2890,590
635000,4260,36360,4100,160
368750,2230,5717,2230,0
432500,3080,5500,3080,0
589000,2250,4337,2250,0
840000,3160,6327,2280,880
316500,1770,3873,1770,0
536000,2880,8833,2880,0
563750,2690,25000,1750,940
152500,1730,7350,1730,0
267950,1730,7350,1730,0
1.64E+06,4780,118047,4780,0
269950,2540,8400,2540,0
731688,2630,5772,2630,0
240000,1890,9000,1190,700
555950,1220,5040,1220,0
289000,710,6300,710,0
525000,2970,11985,1770,1200
745000,2970,11985,1770,1200
397000,1000,7664,1000,0
233000,1980,8505,1030,950
625000,1920,8259,1920,0
535000,2740,23505,2740,0
270000,1740,7345,1380,360
360000,1300,7770,1300,0
1.11E+06,2740,4000,1930,810
970000,4060,4000,2890,1170
915000,3490,18850,1840,1650
412000,1430,10500,1130,300
265000,1860,9112,1110,750
426000,2120,7700,1490,630
266000,1860,12693,1140,720
325000,2330,4950,1430,900
615000,1670,5100,990,680
310000,2130,7140,1580,550
340000,1900,7313,1900,0
562500,1170,2800,1170,0
447000,980,1600,980,0
2.45E+06,4670,23115,4670,0
250000,2500,6300,1500,1000
633000,2020,8044,2020,0
310000,1290,886,1290,0
439000,1620,113862,1620,0
470000,1710,2381,1360,350
270000,1720,8550,1720,0
299500,1820,8813,1820,0
227000,1130,10018,1130,0
735000,3040,2415,3040,0
537000,2410,7479,2410,0
699000,2440,14470,1660,780
330000,800,4533,600,200
229000,1030,7800,1030,0
200000,1480,5600,940,540
522500,1710,9707,1710,0
1.30E+06,3450,5350,2590,860
2.00E+06,2610,16387,2610,0
200000,780,55764,780,0
352000,1260,7200,1260,0
855000,2590,6250,2240,350
267000,1580,12250,1580,0
484000,1660,6000,1160,500
402000,2950,15540,2120,830
905000,2240,5000,1770,470
274000,1940,7500,1720,220
475000,1850,26445,1850,0
1.54E+06,5770,10050,3160,2610
628000,2280,6010,1140,1140
675000,2740,6360,1370,1370
429900,3760,4675,2740,1020
260000,1580,8184,1140,440
690000,1600,4400,1030,570
1.08E+06,2100,12172,2100,0
360000,2610,7333,2610,0
499000,1840,5000,920,920
159000,1320,6534,1320,0
430000,1540,8100,940,600
1.05E+06,2520,18625,1660,860
725000,3780,20000,1890,1890
150000,1200,9527,1200,0
840000,2720,8712,2720,0
499000,3100,5700,3100,0
285000,1630,4000,1100,530
340000,1910,7201,1210,700
405100,1580,7300,1580,0
464000,1690,4898,1690,0
723000,1960,8680,1290,670
430000,4300,10441,2800,1500
645000,1840,4255,940,900
1.58E+06,3480,19991,2630,850
925000,2710,4200,1890,820
759000,2100,4750,1340,760
690000,1760,7800,1760,0
358800,2155,8140,2155,0
683000,1720,4000,1520,200
650000,1430,4240,1430,0
288000,2790,4807,2140,650
209950,1180,7300,1180,0
939000,2450,9248,1960,490
320000,1330,5850,930,400
283748,1940,9560,1940,0
370000,1600,7620,1280,320
399950,3210,41689,1610,1600
360000,2880,6902,1680,1200
365000,1160,8060,1160,0
396900,1360,3120,1360,0
321000,2014,4500,2014,0
245000,1440,7008,1440,0
502000,1570,4704,1570,0
257000,2330,7642,1800,530
423000,1880,7303,1010,870
485000,1850,9911,1850,0
500000,2230,8560,2230,0
442000,990,4313,990,0
475000,1720,3825,1720,0
625000,3230,9935,3230,0
194000,1180,6050,820,360
410000,1450,19206,1450,0
1.03E+06,2370,10858,2370,0
490000,2570,6157,2570,0
348500,1870,7575,1480,390
380000,1220,3000,1220,0
660000,1770,2150,1770,0
525000,1500,6800,1500,0
235000,1110,8724,1110,0
1.21E+06,4980,18069,4980,0
397950,2360,8116,1180,1180
268000,1600,7711,1600,0
525000,1450,4000,950,500
549950,2680,5860,2680,0
370000,1150,6600,1150,0
299000,1870,6693,1870,0
715000,3400,5000,2860,540
430000,1810,7200,1810,0
345000,1860,7191,1260,600
1.60E+06,3790,19000,3790,0
534640,2130,3500,1210,920
1.23E+06,2860,4500,1980,880
351000,2370,7274,2370,0
745000,2290,10409,2290,0
320000,1120,5329,750,370
555700,1810,12420,1810,0
690000,3220,35400,3220,0
449000,1660,9697,1660,0
308500,850,6174,850,0
340000,2665,5868,2665,0
937750,2580,3560,1710,870
725126,3200,12369,3200,0
135000,840,3000,840,0
635000,2970,7961,2020,950
245500,790,7500,790,0
230000,2140,36509,2140,0
1.77E+06,2580,14603,2580,0
425000,2180,7875,1200,980
220000,1060,10423,1060,0
370000,1860,9100,1860,0
390000,1840,16815,960,880
239000,1340,16480,1340,0
345000,2320,7350,2320,0
289000,2110,8304,2110,0
285000,1840,8050,1840,0
147400,1080,9225,1080,0
600000,1290,4636,1290,0
245000,2210,10794,1540,670
520000,2210,10794,1540,670
352500,1410,14110,1170,240
448000,3740,24684,2760,980
270000,2440,7150,1200,1240
872500,2040,6000,1840,200
2.15E+06,3840,6214,2590,1250
225000,1660,7221,980,680
735000,1640,6000,1640,0
375000,1310,8400,1310,0
169000,1720,9775,1720,0
279950,1720,9775,1720,0
1.95E+06,4020,18745,2830,1190
310000,1960,2345,1750,210
975000,3240,35083,3240,0
650000,3610,11914,3010,600
930000,1800,4500,1000,800
412000,1960,5000,980,980
225000,1250,10200,1250,0
507000,2120,7201,2120,0
1.76E+06,3860,67953,3860,0
230000,1340,3011,1340,0
316000,1780,188465,1780,0
616200,3920,4832,3030,890
509900,1690,53578,1690,0
370000,2570,7753,2570,0
619100,1870,7030,1870,0
805000,2860,11250,2290,570
612125,1670,6000,1090,580
350000,1070,937,1070,0
225000,940,15000,940,0
335000,2588,5701,2588,0
972800,3500,10457,3500,0
500000,1690,48096,1690,0
2.20E+06,3790,7200,2530,1260
415000,1090,8400,1090,0
399000,2240,10479,1710,530
376000,1150,4000,1150,0
340000,1870,3378,1120,750
490000,2990,7200,2990,0
374000,2580,6260,2580,0
852000,2220,3588,1470,750
473000,1620,12309,1620,0
540000,2590,25992,1970,620
431000,1390,12530,970,420
435000,2270,7245,1410,860
1.05E+06,2920,33976,1460,1460
450000,1250,892,1040,210
157500,1100,27008,960,140
244000,1500,7475,1500,0
550000,2800,10603,2800,0
975000,3420,183387,3420,0
426500,2100,88426,2100,0
350000,1790,3876,1090,700
615000,1790,3876,1090,700
542000,2220,12056,2220,0
710000,2000,6000,1000,1000
289950,1770,9450,1770,0
1.90E+06,4280,12668,3900,380
528000,1260,5100,1120,140
471000,840,5100,840,0
250000,1830,6643,1830,0
155000,970,8400,970,0
515000,1740,8160,1400,340
336600,1654,8464,1654,0
915000,2390,2750,1580,810
350000,1080,7242,1080,0
1.30E+06,2610,21600,2610,0
175000,1070,6164,1070,0
545000,1430,3880,1430,0
475000,2400,5400,1600,800
390000,670,11505,670,0
645000,2860,14000,2860,0
410000,2270,8187,1420,850
480000,2180,9861,2180,0
725000,1860,6000,1860,0
1.15E+06,6040,219542,4100,1940
300000,1010,11919,1010,0
752000,2570,8178,1710,860
585000,1950,3720,1950,0
678700,1970,10548,1300,670
603000,2110,11155,2110,0
715000,1650,7276,1150,500
1.40E+06,3520,128502,3520,0
1.09E+06,2840,7500,2840,0
467500,1490,4800,750,740
359000,1650,7218,1230,420
745000,1960,4520,960,1000
450000,2450,42180,2450,0
935000,1720,2000,1060,660
615000,1980,3128,1890,90
1.03E+06,4110,35741,4110,0
283500,1990,5577,1990,0
340000,860,7102,860,0
370000,2320,9264,2320,0
1.15E+06,4190,9624,4190,0
265000,1940,9533,1080,860
480000,2520,2370,1690,830
667500,1880,3800,1030,850
1.40E+06,2910,10044,2910,0
2.30E+06,5310,8816,3650,1660
465000,2670,7500,1640,1030
192500,470,63737,470,0
345000,1060,5600,760,300
439800,1120,6900,1120,0
468000,2250,8580,1330,920
775000,2070,8473,1250,820
684680,2370,9360,2370,0
910000,3570,27699,3570,0
3.64E+06,4830,22257,4830,0
375000,1160,22470,1160,0
250000,1610,6600,1610,0
3.07E+06,4150,7500,3510,640
442500,1840,7575,1390,450
900000,4080,217697,4080,0
699000,1820,4080,1820,0
360000,2680,18768,2680,0
1.68E+06,4790,25412,4790,0
675000,2420,21000,2420,0
345000,1130,8081,1130,0
229000,1320,5000,1320,0
300000,1290,12415,1290,0
392500,1600,1289,1600,0
552000,1120,2300,820,300
457000,2060,7192,1420,640
518000,2830,13760,2830,0
237000,1210,6634,1210,0
399950,1560,11997,1260,300
605000,2260,17114,2260,0
295000,1850,8198,1850,0
513000,1930,8040,1380,550
772500,3230,4290,3230,0
765000,3230,4290,3230,0
696950,2450,5376,1550,900
329000,1200,5650,1200,0
339999,2360,8093,2360,0
364500,1060,9506,1060,0
607500,2220,6000,1420,800
550000,880,6664,880,0
479900,2510,9750,1630,880
1.12E+06,2530,1774,2100,430
192000,700,10540,700,0
250000,1500,5200,1060,440
340000,1130,9879,1130,0
340000,1420,6060,830,590
635250,2210,22040,1510,700
324800,1170,5043,880,290
78000,780,16344,780,0
400000,1770,12875,1770,0
640500,1070,4505,1070,0
570000,1930,10929,1260,670
1.33E+06,1940,2885,1940,0
330490,1440,7350,1040,400
325000,1740,5267,1740,0
335000,1740,5267,1740,0
314000,2210,13500,1460,750
625000,2190,3622,1990,200
809000,2590,7720,2590,0
535000,2790,19485,2790,0
275000,2180,9178,1140,1040
358000,2580,11900,1620,960
297975,2820,8100,1720,1100
492000,1300,22239,1300,0
210000,720,8040,720,0
622500,2260,4550,1380,880
550000,1550,1092,1390,160
190000,1390,7700,1390,0
340000,2380,9362,2380,0
678000,2640,5964,2640,0
275000,2260,11970,1250,1010
493000,1720,6720,1270,450
147000,1070,14000,1070,0
334000,2000,7225,2000,0
605000,2800,10786,1420,1380
365000,1450,61419,1450,0
345000,1620,10610,1620,0
999000,2710,23292,2080,630
470000,1520,4220,840,680
599000,2730,22572,2080,650
255000,1740,10378,1740,0
295000,1800,28650,1800,0
550000,4150,16197,4150,0
1.31E+06,3270,4080,2180,1090
225000,1070,6000,1070,0
520000,1960,8277,1320,640
345000,1600,1882,1360,240
475000,1650,7775,1150,500
497500,2170,8610,1230,940
649500,3730,383328,2230,1500
734500,3280,6845,3280,0
276000,870,8040,870,0
235000,900,28800,900,0
325000,1400,10800,1400,0
425000,1680,9545,1080,600
307000,2390,23972,1720,670
635000,2300,5500,2000,300
223000,1340,7473,1340,0
425000,2600,10874,2600,0
190000,1640,7730,1220,420
275000,1960,6177,1960,0
450000,1480,1961,1480,0
1.47E+06,5010,34460,5010,0
550000,1540,5000,1540,0
835000,4030,10240,3310,720
900000,3020,13783,3020,0
290000,1590,9375,910,680
1.04E+06,2910,9131,2910,0
780000,3020,15164,1730,1290
572500,2290,11200,2290,0
389000,2180,9220,1090,1090
350000,2740,10086,1440,1300
476000,2740,33158,2740,0
1.05E+06,2330,3600,1870,460
287000,2300,7200,1550,750
707500,1550,6596,1550,0
464500,1750,11381,1610,140
720000,2180,5000,1090,1090
319000,1610,8544,1610,0
330000,1570,9136,1570,0
120750,1140,9628,1140,0
195000,1140,9628,1140,0
650000,2480,6383,1380,1100
530000,1690,8190,1690,0
825000,2910,8027,1800,1110
436000,1600,15044,1600,0
658000,1010,14244,1010,0
547500,1850,9570,950,900
762000,2150,2527,1400,750
340000,2650,7378,1460,1190
880000,2510,5800,1830,680
1.22E+06,3240,3600,2060,1180
1.95E+06,3440,14554,2170,1270
382500,1150,6249,1150,0
344500,1890,9535,1210,680
375000,1430,7403,1030,400
276000,370,1801,370,0
500000,3130,12087,2180,950
330000,2105,6093,2105,0
328000,890,5965,890,0
450000,1340,7200,1340,0
840500,2290,12174,1490,800
679000,2770,9350,2770,0
270000,1890,9450,1090,800
757500,3160,8065,3160,0
524950,1830,2856,1830,0
424900,2950,49658,2950,0
551100,1430,8640,1430,0
421000,1420,12655,1420,0
635000,2460,7560,2460,0
255000,1340,6120,1340,0
419950,1530,7920,1030,500
325000,2650,12870,2650,0
281000,1677,3600,1677,0
655275,2050,11856,1460,590
861000,2520,3959,1270,1250
850000,2620,11148,2060,560
246000,1650,6675,1290,360
380000,700,4836,700,0
813000,3430,7508,3430,0
990000,3140,11049,3140,0
650000,2350,3750,1740,610
273000,1990,6180,1990,0
398000,2050,14724,2050,0
200000,930,8665,930,0
839000,1230,12305,1230,0
502000,1870,9135,1250,620
305000,2110,7665,1360,750
574950,3160,10000,3160,0
311000,1120,8631,1120,0
1.65E+06,2750,6203,1620,1130
387000,1230,9568,1230,0
375000,1190,20672,1190,0
175000,740,3434,740,0
248000,1770,5855,1770,0
336750,1720,7803,1350,370
685000,2770,45514,2770,0
645000,2330,3917,2330,0
279000,1660,7388,1660,0
479000,1730,1037,1730,0
466000,1880,7279,1280,600
361500,2190,6740,2190,0
404000,1720,7202,1720,0
319000,2360,8344,2360,0
320000,1490,10132,1490,0
1.31E+06,3490,5625,2610,880
1.00E+06,2370,8900,1670,700
660000,2290,9120,2290,0
546000,1790,3600,1790,0
300000,1820,5015,1190,630
500000,1760,12000,1760,0
381500,2430,5556,2430,0
990000,2630,12899,2630,0
278226,2390,4639,2390,0
340000,1500,4158,1220,280
305000,2510,12000,1520,990
760000,2420,10285,1700,720
195000,2170,9948,2170,0
564000,1960,6138,1260,700
539500,2280,8550,1660,620
299980,1580,10230,790,790
290000,1850,5674,1850,0
257000,770,11084,770,0
518500,2120,5520,1420,700
657000,3060,35380,1810,1250
590000,2680,41250,2680,0
526000,2220,6350,1110,1110
254500,1150,11250,1150,0
575000,980,3663,980,0
464550,1690,10500,1690,0
409950,1320,6030,1320,0
100000,910,22000,910,0
365000,820,1270,820,0
208000,1300,7420,1300,0
497950,1950,3000,1550,400
405000,3672,9742,3006,666
568000,2740,22499,2740,0
334000,890,6000,890,0
235000,1090,8400,1090,0
295000,1170,10621,1170,0
610000,2600,29539,2600,0
453500,2000,6032,1300,700
1.22E+06,3520,3944,2200,1320
175000,1410,7000,1410,0
335000,1410,7000,1410,0
275000,1950,7620,1010,940
400000,980,2130,860,120
915000,3390,7000,1740,1650
619850,2270,9247,1500,770
225900,1510,8800,1010,500
525000,960,7200,960,0
215000,1900,9600,1900,0
802000,2580,13096,2580,0
330000,2340,11784,2340,0
549800,1580,11680,1580,0
195500,1230,8636,1230,0
338000,1590,7819,1590,0
3.20E+06,7000,28206,3500,3500
480000,1770,7000,1770,0
383000,1850,8310,1200,650
257000,1430,7210,1430,0
335000,2190,9209,2190,0
422000,2310,6650,2310,0
560000,2000,10182,1400,600
680000,3620,35429,3620,0
320000,1210,7040,1210,0
665000,2330,15536,2330,0
751000,2840,6854,2840,0
320000,2410,10763,1310,1100
290000,1820,22043,1820,0
250000,1470,7412,1470,0
423000,1100,10005,1100,0
601002,2050,8094,1050,1000
352900,1240,1892,1240,0
509950,2210,70567,2210,0
360000,1340,1050,1340,0
1.08E+06,2580,8100,1780,800
349950,2390,6441,2390,0
395000,2250,6840,2250,0
273500,2000,15265,1540,460
700000,1870,6000,1670,200
699000,2370,10968,2370,0
537000,2640,8800,1620,1020
405000,1240,9975,1240,0
269500,800,1200,800,0
260000,2050,12500,1300,750
266750,1650,10000,1650,0
1.80E+06,4320,39094,4320,0
779000,2130,5920,1830,300
500000,2840,48716,1870,970
365000,3080,32997,3080,0
724000,1560,5000,1560,0
890000,3220,15467,3220,0
431000,1450,3600,1250,200
242000,960,21850,960,0
415000,2670,8279,2670,0
727160,2310,5000,2310,0
1.11E+06,3520,19354,2010,1510
265000,1090,3272,1090,0
519000,2000,5680,1080,920
262000,1840,9009,1840,0
1.19E+06,3160,13194,3160,0
295000,1520,6559,1170,350
615000,2110,56192,1480,630
1.10E+06,3410,7750,1710,1700
575000,2630,6247,2630,0
388000,1350,2325,1350,0
750500,2860,9159,1530,1330
527500,2310,78844,1760,550
503000,2590,108900,1980,610
1.05E+06,3500,4000,2560,940
325000,800,7260,800,0
402000,1580,6127,1580,0
370000,1560,6774,1060,500
329950,1750,7800,1150,600
135000,600,6120,600,0
482500,1630,7626,1110,520
259000,1260,7248,1260,0
210000,2140,9775,1470,670
459000,2790,6600,2790,0
375000,2530,35150,1800,730
295000,1330,7200,900,430
910000,2700,6120,1350,1350
470000,1740,37238,1740,0
565000,2070,7980,2070,0
339950,2670,9040,2170,500
547000,2200,103237,1160,1040
125000,810,8382,810,0
2.30E+06,3970,9778,3390,580
348000,2370,7500,1620,750
175000,1460,11880,1460,0
439950,1770,2875,1770,0
230000,1120,32250,1120,0
207000,1520,2550,1520,0
320000,3020,21441,1510,1510
1.09E+06,5600,107157,3440,2160
510000,1320,14250,1320,0
730000,1870,4992,1670,200
750000,2460,7630,1940,520
237000,960,7400,960,0
560000,3440,103672,3440,0
745000,3010,12432,1890,1120
1.83E+06,6030,39317,4440,1590
180000,1990,6350,1990,0
309950,1990,6350,1990,0
715000,1710,6050,1410,300
620000,1890,4300,1350,540
330000,1990,9995,1990,0
525000,1600,7400,1210,390
611000,3820,53173,2040,1780
294000,2210,8465,1490,720
463000,2020,11095,1480,540
320900,1770,7251,1770,0
369950,2050,4502,2050,0
565000,3130,139392,3130,0
589500,3520,4933,2270,1250
400000,1810,9750,1810,0
458000,2150,9900,1450,700
436000,2495,5751,2495,0
310000,1290,6150,1290,0
398000,3004,5700,3004,0
625000,2070,7200,1390,680
1.01E+06,4050,35600,4050,0
435000,960,6250,740,220
250000,1900,9990,1300,600
430000,1450,7316,1450,0
790000,2720,3000,2250,470
1.68E+06,4830,18707,3930,900
250000,1920,7102,1130,790
1.12E+06,2540,6660,2340,200
383900,1600,8040,1050,550
330000,2210,5929,2210,0
624000,2510,47044,1910,600
383000,2280,5750,1140,1140
687000,4400,186846,4400,0
558000,3160,8876,2460,700
275000,1380,3500,1380,0
687500,3320,10500,2020,1300
275000,1870,6821,1870,0
700000,3030,11550,3030,0
342500,1210,7507,1210,0
483500,2740,45732,2740,0
190000,1350,7370,1350,0
300000,1350,7370,1350,0
540000,1470,1691,1000,470
140000,1270,8991,1270,0
275000,1680,19405,1560,120
370000,2120,7650,2120,0
227000,1040,9100,1040,0
312000,1730,8706,1010,720
260000,1410,5650,1410,0
797000,1370,1911,1370,0
640000,2840,228690,2720,120
605000,3280,35160,2080,1200
329950,2070,7995,1350,720
180000,960,87991,960,0
220000,1470,7518,1160,310
723000,2430,4748,1630,800
375000,1430,8412,1070,360
388000,1760,9277,1760,0
249950,1730,7375,1730,0
390000,2290,7900,1190,1100
705000,1690,11739,1690,0
590000,3220,7875,3220,0
292000,2130,11097,1370,760
506000,2100,213008,2100,0
907500,2770,8642,2770,0
2.27E+06,4040,18916,4040,0
319500,2500,5100,1420,1080
265000,1580,5292,980,600
237000,1130,10650,1130,0
235000,1500,9282,1500,0
740000,2230,6000,1810,420
359000,1550,4980,1080,470
334950,2230,5500,2230,0
259950,790,8100,790,0
253000,2230,4541,2230,0
561000,1710,4140,1710,0
455000,1260,5100,1260,0
675000,2420,18470,920,1500
267000,1090,8160,1090,0
368000,2689,5724,2689,0
599995,1620,3000,1620,0
342500,940,10500,940,0
252000,1940,13370,1940,0
247200,1590,11200,1590,0
910000,3020,4082,2080,940
419950,1870,16549,1870,0
160000,880,8976,880,0
799950,3030,5494,3030,0
400000,2140,11266,2140,0
210000,2050,10200,1430,620
475000,2050,10200,1430,620
355900,2090,3821,2090,0
420000,2520,26943,1760,760
710000,2630,8580,1700,930
518000,2560,15000,1880,680
375000,1200,5404,1200,0
185000,1010,7755,1010,0
402000,1520,3425,1520,0
585000,2170,153767,2170,0
500000,1980,4500,1980,0
1.72E+06,3070,7207,2670,400
1.68E+06,5170,7197,3520,1650
570000,1140,690,760,380
680000,2530,4800,1390,1140
345000,1690,14615,1690,0
355000,2150,3600,2150,0
390000,1180,7700,1180,0
128000,1400,9690,1400,0
448500,1300,4800,1300,0
346000,1590,9636,1590,0
779000,1990,5600,1330,660
335000,1510,9720,1510,0
1.85E+06,2910,1880,1830,1080
799990,2850,21780,2850,0
1.08E+06,2830,56628,2830,0
371000,1110,1189,1110,0
620000,1900,9775,1900,0
343000,2290,10290,1340,950
265000,1010,14948,1010,0
1.00E+06,4670,15857,4670,0
825000,3400,38400,1870,1530
889000,4070,10976,4070,0
305000,1630,10962,1100,530
407000,1700,6635,1700,0
613000,2070,12000,1340,730
1.64E+06,4660,21164,4660,0
645000,2050,6000,1550,500
1.16E+06,4680,9700,3360,1320
610000,2320,38186,2320,0
450000,3800,13071,2730,1070
300000,720,7598,720,0
1.12E+06,4400,18500,2250,2150
418200,2260,74297,2260,0
250000,1650,2802,1650,0
619000,2560,43608,2560,0
500000,3720,15048,3720,0
465000,2590,16437,2590,0
322000,1750,68841,1750,0
276900,1620,7320,1620,0
660000,1700,12615,1300,400
480000,2450,28185,2450,0
925000,1610,10796,1070,540
825000,3730,35900,2960,770
326000,1210,7440,780,430
205000,1300,9880,1300,0
150000,850,54000,850,0
593567,1770,3205,1770,0
440000,2060,11231,2060,0
751000,3090,13316,3090,0
295000,1050,6500,1050,0
422500,1300,2250,1300,0
480000,1160,8800,1160,0
890900,3420,6233,3420,0
672500,2620,6707,2620,0
605000,1880,3500,1080,800
1.68E+06,4560,19080,2490,2070
565000,2330,7936,2330,0
725000,2350,7574,1720,630
640000,1560,1466,1560,0
253750,1380,7110,1380,0
799950,3040,36721,1760,1280
595000,1350,8113,1350,0
850000,3180,11652,3180,0
366000,1790,4065,1790,0
715000,1986,6000,1746,240
300000,2400,7215,2400,0
960000,4590,9150,3490,1100
812000,1970,3420,1970,0
234950,1360,9948,1360,0
656500,2710,4750,1460,1250
255000,920,1598,920,0
538000,2000,7204,1250,750
260000,1920,9680,1300,620
546200,2678,6607,2678,0
280500,1220,4541,890,330
295000,1440,4000,1050,390
700000,2420,520,2420,0
560000,2090,15790,2090,0
912000,4030,10888,4030,0
437000,1310,9282,1310,0
447000,1800,3074,1800,0
500000,1160,20100,820,340
508300,1160,5969,880,280
485000,1870,7853,1300,570
540000,3700,7647,3700,0
356000,2280,8765,2280,0
525000,1720,6099,860,860
962800,3630,11775,3630,0
315000,2040,6300,2040,0
525000,1750,1879,1750,0
325000,1550,2285,1550,0
965800,2500,8725,1500,1000
550000,1440,3600,1440,0
182200,1130,13927,1130,0
315000,1210,8505,1210,0
500000,960,5000,960,0
480000,2160,7737,2160,0
1.69E+06,3400,8965,1820,1580
525000,3960,321908,2690,1270
407500,1900,9075,1900,0
443000,2620,35124,2620,0
1.26E+06,3150,13700,3150,0
642000,1040,4480,870,170
520000,1540,7558,1540,0
750000,1820,5000,1720,100
855000,1930,4500,1930,0
275000,1430,27153,1430,0
265000,2920,5250,1800,1120
894400,3100,45738,3100,0
546000,1200,12856,1200,0
699950,2390,7489,2390,0
435000,1270,10713,1270,0
259500,1300,7200,1300,0
359950,2290,4785,2290,0
517000,1740,10000,1740,0
579000,1590,5400,1280,310
525000,2420,10735,2420,0
320000,2130,9653,1500,630
635000,1950,13320,1370,580
400000,2150,5397,2150,0
455000,1270,7700,1270,0
572000,1850,22767,1850,0
650000,1440,136778,1140,300
162500,1390,7417,1390,0
400000,1340,1240,1150,190
268300,1190,9000,1190,0
989000,3830,4800,3050,780
342000,1780,10409,1280,500
315000,3130,5999,3130,0
485000,1830,8384,1320,510
277500,2550,7500,1750,800
1.30E+06,3790,90169,3790,0
385000,1800,10890,1800,0
426000,1630,7680,830,800
310000,1870,6000,1870,0
449000,1870,6000,1870,0
375000,980,3915,980,0
1.19E+06,2860,10625,1920,940
468000,1470,5597,1470,0
336000,1160,5000,1160,0
392000,1940,6555,1940,0
412500,1630,7969,1100,530
545000,2755,11612,2755,0
133000,1430,5600,1430,0
440000,1430,5600,1430,0
294450,1400,7341,1300,100
335000,2520,7205,2520,0
362000,1290,10125,1290,0
322000,1400,18002,1400,0
230500,740,8853,740,0
380000,1710,9996,1710,0
292000,2414,7693,2414,0
172500,1040,7500,1040,0
784000,3540,7091,1970,1570
525000,2530,11549,1700,830
600000,2320,7609,2320,0
435000,2530,16102,2530,0
359900,2790,7600,2790,0
700000,1950,7139,1150,800
280000,1020,889,720,300
655000,3110,24466,3110,0
2.48E+06,5310,16909,3090,2220
499950,2580,23925,2580,0
540000,1380,1021,1160,220
970000,3980,9209,3980,0
330000,2080,7000,1400,680
474000,1530,8000,1530,0
670000,1930,9310,1930,0
1.30E+06,2330,9687,2330,0
1.16E+06,3860,10361,2940,920
440000,2880,8061,2880,0
411000,1590,2088,1590,0
500000,2150,4000,1470,680
1.34E+06,2300,13342,2300,0
696000,2900,6400,2300,600
465000,1970,11088,1180,790
518000,1740,7500,1220,520
251000,1220,7250,1220,0
255000,1290,13282,1290,0
319000,780,8271,780,0
719000,2210,3400,1470,740
1.52E+06,5930,13288,3920,2010
322000,1950,4553,1950,0
205000,1340,7920,1340,0
229000,1590,6240,1060,530
395000,1780,9672,1350,430
183000,760,7272,760,0
583500,1720,7800,1170,550
312000,2070,25710,2070,0
539000,1790,9860,1410,380
409000,3230,12651,3230,0
510250,1400,4000,870,530
535000,1370,3827,1020,350
280000,1600,7936,1600,0
286000,950,8400,950,0
710000,2210,7660,1460,750
395000,930,6380,930,0
237500,810,8494,810,0
464000,1630,6550,850,780
495000,1770,10080,1770,0
257500,710,6060,710,0
570000,3990,23544,2300,1690
362000,2310,7485,2310,0
640000,1620,6000,1040,580
172500,1140,8800,1140,0
596000,1040,4880,1040,0
840000,2170,9796,1650,520
1.60E+06,3370,23065,1920,1450
435000,901,1245,901,0
251000,840,7870,840,0
282500,1650,9750,1650,0
265000,1380,7226,1140,240
330000,910,10240,910,0
435000,1230,3800,1230,0
827235,1740,8560,1500,240
249950,1290,5000,1290,0
400000,1950,18533,1950,0
300499,2150,7944,2150,0
449000,1560,5220,1560,0
500000,1120,3220,1120,0
865000,1790,7526,1790,0
899950,3290,5414,2360,930
370000,1540,9541,1540,0
442500,4240,226097,3410,830
310000,1010,9945,1010,0
1.57E+06,2970,12750,2130,840
245000,2190,9113,2190,0
254950,700,8100,700,0
510000,3300,7480,3300,0
299950,1370,5000,1370,0
379950,2680,4500,2680,0
350000,1390,4820,910,480
300000,1700,3575,1700,0
994000,2510,6339,1810,700
315000,1700,8067,1250,450
480500,2180,11200,2180,0
373000,1770,5720,1140,630
728000,3290,5951,3290,0
415000,3040,7125,2240,800
427500,2460,5091,2460,0
339300,970,10000,970,0
313000,1320,6205,1320,0
431500,1900,1612,1430,470
415000,1220,835,1220,0
490000,1470,9750,1470,0
1.43E+06,4630,24054,4630,0
275000,1400,9750,1400,0
325000,1070,5080,1070,0
1.18E+06,3630,6000,2470,1160
690000,1970,4590,1970,0
410000,2010,9474,2010,0
960000,2820,5934,1770,1050
299250,2530,8669,2530,0
239000,710,14000,710,0
235000,1210,9400,1210,0
587000,2370,217800,2370,0
431000,2300,6087,2300,0
1.64E+06,3110,6765,2550,560
285000,1990,6500,1090,900
778000,2630,10156,2630,0
415000,1300,7975,1300,0
550285,1680,4500,1680,0
910000,2180,9865,1660,520
860000,2770,9136,2770,0
765000,2120,5000,1980,140
782000,2830,20345,1980,850
525000,1370,1764,1180,190
745000,2810,435600,2810,0
470000,3520,35512,2760,760
345000,1990,5650,1320,670
279000,2070,7800,1170,900
500000,1320,8100,1320,0
237000,1300,8160,1300,0
200500,1260,9346,1260,0
387500,2400,9900,1250,1150
392500,1950,8040,1950,0
305000,1430,12430,1430,0
981000,2110,10100,2110,0
680000,2980,8770,2980,0
276000,2068,7242,2068,0
655500,3380,8330,3380,0
555000,2810,13144,1440,1370
235000,930,10505,930,0
325000,1300,8879,920,380
268950,1320,8100,880,440
264500,1580,14040,1050,530
240000,1620,5250,1620,0
819000,2750,226512,2750,0
850000,2210,5000,1530,680
294950,1740,9600,1160,580
693000,2120,13644,1420,700
478000,2780,7290,2780,0
222000,830,6893,830,0
635000,2070,11286,2070,0
469000,1390,1278,1140,250
350000,2610,5866,2610,0
180000,1460,11726,1290,170
490000,3390,39356,1640,1750
360000,1360,6000,860,500
630000,2807,9430,2807,0
615000,1340,2006,1340,0
279950,1340,7202,1340,0
317000,1160,8813,1160,0
618000,2470,7350,1600,870
620000,2000,8713,1000,1000
345000,1110,6250,1110,0
608000,2240,3750,1220,1020
325000,1920,11603,1920,0
475000,2270,13000,2270,0
154000,1530,9997,1020,510
1.19E+06,3330,19126,2610,720
376950,2643,5750,2643,0
500000,1250,3360,1250,0
499950,3230,129578,2100,1130
230000,880,9035,880,0
652600,2220,5900,2220,0
185000,1130,7000,1130,0
274950,1450,8820,1050,400
447000,760,6035,760,0
129000,1150,30184,1150,0
436000,2720,9856,2720,0
825000,2080,5000,2080,0
225000,1080,16000,1080,0
265000,1890,6088,1890,0
765000,1500,5111,1500,0
509000,1960,2166,1260,700
762450,2570,8640,2570,0
465000,1830,9000,1030,800
564000,1980,6250,1090,890
384500,1130,5236,1130,0
415000,2010,33090,2010,0
345000,1820,8409,910,910
465950,2340,6896,2340,0
325000,1780,11096,1210,570
500000,1780,11096,1210,570
450000,2450,20348,1410,1040
475000,2410,8284,1210,1200
1.35E+06,3380,20021,1690,1690
747000,1710,5120,1710,0
395000,1740,6220,1740,0
505000,1995,1483,1760,235
215000,1760,9282,1100,660
775000,3970,210830,3970,0
540000,3000,5471,3000,0
392500,1540,8925,1540,0
987000,2160,15788,2160,0
1.19E+06,2160,15788,2160,0
252500,1810,10684,1810,0
730000,2440,3502,1970,470
497300,3200,9200,1600,1600
640000,2970,34981,2970,0
580000,2290,7125,1190,1100
377000,1820,34800,1820,0
1.28E+06,3010,3600,2370,640
396500,1360,1488,1120,240
300000,2080,2999,2080,0
532000,1110,4800,1110,0
579000,1560,4500,1560,0
1.40E+06,3520,7815,3140,380
571000,2280,43560,1380,900
301950,1370,9288,1370,0
660000,2340,2970,2160,180
455000,3170,10688,3170,0
375000,1380,5060,1380,0
470000,2700,6769,2700,0
374990,1300,10484,1300,0
541500,1900,3690,1900,0
782500,3750,7821,3750,0
264000,1552,3677,1552,0
640000,2500,7417,2500,0
660000,1770,8141,1770,0
1.37E+06,4210,17258,4210,0
389950,2170,8140,2170,0
226000,1510,19874,1510,0
390000,1870,40250,1870,0
485000,1570,8111,1570,0
840000,2480,4602,2480,0
600000,3580,21343,2140,1440
331000,1480,6210,1080,400
780000,2610,6000,1310,1300
300000,1700,8481,1700,0
361810,1240,7620,1240,0
467000,1660,6582,1000,660
399000,1620,10000,1620,0
315450,1130,7500,1130,0
600000,1310,5000,1310,0
247500,1710,5200,910,800
330000,2140,5037,2140,0
500000,2350,7210,2350,0
367500,1570,10050,1570,0
560000,2780,32880,2780,0
655000,2540,7620,1320,1220
530000,2500,7140,1250,1250
270000,2080,26574,1380,700
437500,1760,2875,1290,470
575000,1760,10349,1760,0
278000,1940,6887,1940,0
568500,3010,6181,3010,0
280000,2460,9606,2460,0
250000,750,6350,750,0
247500,1300,72309,680,620
1.25E+06,3710,13874,2340,1370
535000,2360,15008,1920,440
814842,3190,6899,3190,0
340000,2181,5521,2181,0
359950,1890,9100,1890,0
750000,2610,5544,1680,930
1.22E+06,3090,8125,3090,0
370000,860,5040,860,0
329950,1000,9170,1000,0
500000,2760,35171,2760,0
734000,3490,18521,3490,0
385000,2960,5054,2960,0
230000,1280,4635,840,440
1.39E+06,3230,7200,1640,1590
210000,1830,4992,1230,600
293000,1420,13187,1420,0
465000,1580,3774,1580,0
449000,1960,44634,1130,830
325000,1670,10725,1670,0
180000,1670,7056,1670,0
650000,2960,5000,1790,1170
665000,2420,7102,1670,750
324450,1420,16000,1420,0
588000,2170,5750,1370,800
200000,1310,5200,1160,150
383000,1830,11090,1060,770
499950,1360,2500,730,630
549000,3440,12350,1760,1680
465000,2010,7264,1290,720
450000,2450,19744,2450,0
799900,3030,7800,1580,1450
495000,2480,91911,1470,1010
1.20E+06,4310,10842,3140,1170
637000,2120,15000,2120,0
589000,2210,4366,2210,0
305000,1400,10350,1400,0
600000,2760,5200,1790,970
587000,2550,6256,2550,0
1.43E+06,2220,4000,2220,0
250000,1320,11212,1320,0
515000,2440,3202,1640,800
833000,3780,10308,3780,0
860000,4720,32467,3190,1530
550000,2360,6678,1760,600
180000,890,6000,890,0
507000,1770,9375,1170,600
427000,1720,128066,1720,0
616950,2490,2722,2020,470
372000,1890,10550,1010,880
290000,1020,6380,1020,0
329990,2420,8438,2420,0
393500,1600,8156,1600,0
1.55E+06,3370,17458,2000,1370
240000,1720,8300,1720,0
285000,1090,8640,1090,0
382500,1090,9862,1090,0
1.93E+06,3600,16101,3600,0
800000,2760,9471,1760,1000
550000,2770,24140,2770,0
387846,2520,15205,2040,480
367500,1960,16015,1960,0
780500,1760,4264,1760,0
680000,1090,6775,850,240
434400,1960,7875,1960,0
370000,1220,17172,1220,0
465000,1730,8073,1350,380
323000,1830,6925,1830,0
270000,1600,9921,1600,0
1.32E+06,2040,42693,2040,0
560000,2710,6583,2710,0
450000,1140,4500,840,300
290000,930,7740,930,0
354000,1010,21340,1010,0
705000,2380,5000,2380,0
445000,1860,7200,1240,620
229900,1440,11925,1440,0
610000,2980,5896,2980,0
535000,2670,5108,2670,0
437400,2150,8925,2150,0
540000,3160,10059,1740,1420
570000,1890,29185,1470,420
533000,2810,4607,2810,0
555000,2690,4819,2690,0
239950,1230,9600,1230,0
350000,950,9451,950,0
245000,1200,4880,980,220
456000,1670,9886,1670,0
465000,2140,7701,1470,670
445000,1440,4660,1440,0
517850,3050,7500,1800,1250
329000,2570,7260,2570,0
512500,1840,2875,1840,0
365000,1250,8100,1250,0
450500,1410,9384,1410,0
915000,1560,8232,1560,0
205000,960,7314,960,0
314000,1870,8449,1870,0
496000,900,9260,900,0
329950,2050,7590,1280,770
375000,2400,6000,2400,0
623000,1850,7777,1850,0
310000,1220,9600,1220,0
532500,3140,37120,1760,1380
960000,2410,4560,1800,610
598000,3130,40918,3130,0
683000,2300,9218,2300,0
425000,2840,9425,1590,1250
533000,1800,3780,1400,400
375000,1190,9486,1190,0
250500,1710,7225,1710,0
257000,1900,22896,1360,540
218000,880,18205,880,0
460000,2060,4437,1030,1030
255544,1360,6186,760,600
560000,1680,4647,1680,0
480000,2980,4074,2980,0
1.30E+06,2130,19180,1500,630
580000,2650,9752,2650,0
475000,1700,9100,1160,540
1.31E+06,2680,12215,1590,1090
700000,2530,623779,2530,0
590000,2520,10223,2520,0
264500,1630,8346,1630,0
465000,730,2600,730,0
290000,910,7620,910,0
1.82E+06,4510,12873,4510,0
416000,1110,12150,1110,0
360000,1450,8940,1450,0
585083,2910,36250,1590,1320
840000,2600,2750,1620,980
81000,730,9975,730,0
1.29E+06,2440,9200,2440,0
326000,2290,7380,1390,900
447000,720,7500,720,0
185000,940,7125,940,0
439950,1540,7773,1540,0
234000,1140,10300,1140,0
485000,2100,8886,2100,0
750000,2670,6250,2020,650
865000,2750,5527,2130,620
287500,2570,9000,1590,980
375000,1660,9673,1130,530
565000,1700,8800,850,850
260000,1530,8306,1530,0
190000,1260,10900,1260,0
399950,2760,6420,1380,1380
275000,1830,7062,1830,0
528000,2160,4086,1380,780
315000,1770,9685,1770,0
614306,2210,5500,1410,800
1.49E+06,4560,14608,4560,0
590000,2110,3870,2110,0
261500,1130,3600,1130,0
300000,1960,9898,1960,0
439000,2230,4551,1450,780
277554,2350,13000,2350,0
215000,1340,8505,1340,0
1.20E+06,2160,17861,2160,0
420000,1700,6375,850,850
485000,1650,3436,1650,0
202500,1540,8316,1540,0
710000,3920,8572,3920,0
535000,3250,6933,3250,0
260000,1360,7700,1360,0
254000,1480,7480,1480,0
600000,2360,5226,2360,0
285000,1800,2516,1800,0
800000,2540,20662,2540,0
165000,1200,13100,1200,0
216500,710,6960,710,0
387990,2640,5595,2640,0
500000,3010,5040,3010,0
650000,2770,5612,2770,0
646000,2310,4079,2310,0
323400,2060,9138,1430,630
300000,1880,4200,1880,0
712500,2280,5400,1340,940
550000,1380,3402,1380,0
400000,1180,7537,1180,0
255000,1650,7200,1100,550
660000,2030,9032,2030,0
925000,2110,6375,1600,510
534000,2130,7210,1330,800
215000,1690,7700,1690,0
1.95E+06,2510,12779,2510,0
1.40E+06,3530,7924,3530,0
212000,1470,8350,1470,0
265000,1840,7300,1840,0
400000,1860,5750,1300,560
311500,1940,10133,1940,0
2.33E+06,4420,20759,4420,0
225000,800,6050,800,0
1.25E+06,3700,21755,2620,1080
380000,1400,8710,1400,0
600000,2250,11370,2250,0
600000,2230,9053,2230,0
315000,1950,3000,1950,0
847000,2550,4623,2550,0
730000,2750,10351,2750,0
1.06E+06,2290,11137,2290,0
1.62E+06,2350,17709,2350,0
664000,1720,5785,860,860
454450,2810,6000,2810,0
341000,940,4200,940,0
276693,1190,8875,1190,0
185000,1390,11340,1390,0
160000,1660,2258,1660,0
270000,1920,8497,1920,0
300000,1460,8760,1460,0
264950,1370,10115,1370,0
209950,1050,6250,840,210
850000,3360,8708,3360,0
645000,3160,11380,3160,0
855000,2480,36974,2480,0
632500,2720,37258,2720,0
289950,2070,5013,2070,0
850000,2170,25732,2170,0
565000,3260,4900,3260,0
792000,2250,19270,2250,0
260000,1950,9600,1200,750
585000,2220,209523,2220,0
295500,1330,10523,1000,330
329000,1190,7877,1190,0
750000,2770,15232,1570,1200
495000,2310,7555,2310,0
672500,1580,5750,1330,250
1.31E+06,2800,3200,1910,890
405000,1500,9636,1500,0
620000,2140,5808,1070,1070
615000,2330,7020,1450,880
887000,3830,11180,2440,1390
1.06E+06,4510,5000,3270,1240
753000,2160,39430,1660,500
1.60E+06,3170,5000,2230,940
3.71E+06,5550,28078,3350,2200
365000,1520,8519,1520,0
870000,3410,23000,3410,0
321000,1830,9601,1830,0
280000,1550,4486,1550,0
288000,1520,3593,1520,0
248500,1240,12285,620,620
330000,2380,13550,2380,0
740000,2720,11454,1830,890
445000,2210,8010,2210,0
198500,1050,9600,1050,0
280000,1940,5458,1940,0
336500,1420,3433,1420,0
267000,1690,10336,1690,0
315000,1160,9180,1160,0
545000,2040,7412,2040,0
274950,1840,16679,1840,0
500000,1440,7130,1210,230
299000,1390,9624,1390,0
420000,1470,1445,1160,310
620000,1776,1248,1604,172
575950,1640,12000,1180,460
666500,2860,6600,2860,0
180000,1740,7292,1020,720
261350,1390,18200,1390,0
1.03E+06,2730,5607,1660,1070
390000,1435,8960,1435,0
253500,1640,12384,1090,550
625000,2630,48706,2630,0
255000,1580,7800,1580,0
257000,1740,3721,1740,0
869000,1900,13122,1100,800
745000,3130,10860,3130,0
1.35E+06,3500,9525,3500,0
350000,2130,7500,1090,1040
475000,950,1110,950,0
540000,1720,11656,1720,0
175000,830,2699,830,0
100000,660,5240,660,0
890000,2590,4652,2310,280
280000,1600,4271,1600,0
1.05E+06,4390,13833,3320,1070
486000,3560,12047,3560,0
670000,2860,68519,2860,0
480000,1640,7847,1640,0
440000,1500,6180,1060,440
1.50E+06,3990,8505,2870,1120
743700,2610,33206,2610,0
449950,1470,7590,1470,0
367000,700,2334,700,0
1.19E+06,3960,12895,3960,0
201000,900,7576,900,0
575000,2010,3800,2010,0
295000,1940,10350,1420,520
190000,1510,8760,1510,0
742500,2020,5000,1350,670
875000,4430,11453,3000,1430
1.39E+06,4010,10880,3150,860
600000,3070,8400,3070,0
207000,1460,11100,1460,0
650000,3260,5335,3260,0
275000,830,5610,830,0
1.20E+06,2390,4200,2150,240
262500,1130,7200,1130,0
399000,1120,8661,1120,0
139000,1410,10648,1410,0
575000,1750,4797,1750,0
580000,1040,3200,1040,0
468000,1630,2490,1630,0
230000,1380,10112,940,440
675000,3680,18804,3680,0
318000,1250,20040,1250,0
332100,2660,6978,1980,680
175000,620,6600,620,0
817000,2600,10660,2600,0
1.20E+06,2150,8119,2150,0
525000,1470,6550,1070,400
189000,1380,7282,1380,0
629950,1680,1683,1120,560
641500,1000,9084,1000,0
490000,1630,7573,1230,400
415000,1790,15142,1360,430
250000,890,6380,890,0
781000,1290,8175,820,470
400000,2420,7927,1400,1020
935000,3680,7105,2890,790
575000,3020,17810,1600,1420
1.66E+06,4240,11189,4240,0
302300,3130,9450,1580,1550
355000,900,6656,900,0
1.54E+06,2880,7599,1710,1170
926250,2390,17717,2390,0
300000,1450,7620,1050,400
361500,1070,9000,1070,0
616000,1740,9840,1740,0
395000,1210,1161,1210,0
245000,2100,10000,2100,0
206000,1060,9600,1060,0
706000,3280,16575,2190,1090
578000,1660,6000,1660,0
341950,3070,5252,3070,0
305000,1150,9048,1150,0
575000,1710,3600,1590,120
330000,1180,43124,1180,0
445000,2130,7200,2130,0
333000,1050,7560,1050,0
598500,2520,3980,2520,0
225000,700,6000,700,0
570000,2640,4200,2640,0
630000,2330,6783,1310,1020
779000,2830,7738,2830,0
760000,3720,13591,3720,0
322968,1890,9600,1890,0
595000,2910,7287,2910,0
321000,1300,18836,1300,0
653000,2770,57745,2770,0
750000,2520,21834,1420,1100
530000,1340,4284,1080,260
352750,1060,1241,960,100
424950,2480,8563,2480,0
427000,2220,4000,1230,990
558000,3220,5120,2420,800
438200,1600,5643,1600,0
340000,640,4800,640,0
830005,3610,7904,3290,320
548000,3420,5012,2330,1090
411715,1840,5101,1040,800
865000,2790,16117,2790,0
1.75E+06,5860,13928,4150,1710
688000,3450,16200,3450,0
399950,2350,5100,2350,0
555000,1250,4590,970,280
677000,2000,3207,1100,900
539000,2260,9568,1780,480
410000,1510,6597,950,560
472000,1800,2748,1800,0
755000,2420,8856,1620,800
269900,1750,8325,1750,0
667400,2660,40312,2660,0
1.22E+06,2640,7544,2640,0
544000,1460,1613,1180,280
800000,1570,5000,1570,0
315000,1010,7500,1010,0
227000,1200,7200,1200,0
765000,4040,25752,4040,0
625000,1820,1641,1540,280
1.88E+06,5810,7440,3790,2020
822600,3010,9600,1510,1500
515000,1910,8947,1160,750
377000,1640,5014,930,710
600000,1480,17360,1480,0
525300,2520,7770,1680,840
760000,2840,13554,1990,850
202000,840,7200,840,0
470000,1730,38884,1730,0
810000,3140,10983,3140,0
175000,1480,8415,1080,400
440000,1920,7986,960,960
197000,770,8636,770,0
254000,1010,7384,1010,0
405000,1460,10000,1460,0
416000,940,4264,940,0
779950,2840,4864,2840,0
200000,1910,7210,1430,480
658100,2430,8509,2430,0
397000,1610,4104,950,660
815000,2780,5002,2780,0
345000,1160,8504,1160,0
305500,1850,7199,1850,0
340000,2120,13090,2120,0
330000,2620,12763,1400,1220
269000,2060,3608,2060,0
349950,1060,9525,1060,0
431000,1500,6240,1500,0
735000,2380,5700,1820,560
414000,3045,5030,3045,0
619500,1700,4105,1700,0
675000,1240,13869,1240,0
380500,1410,7854,1410,0
253000,880,6600,880,0
157500,740,9003,740,0
627000,2030,9300,2030,0
469500,2090,7241,1140,950
319950,920,8341,920,0
249500,1180,7200,1180,0
485000,1260,3230,1260,0
1.13E+06,3690,10260,2070,1620
314500,1700,17355,1200,500
220000,770,8149,770,0
444950,2020,7800,1330,690
598000,2030,9825,1330,700
699850,2690,6164,2690,0
595000,1750,3354,1750,0
735000,3270,45537,3270,0
542500,2330,14289,2330,0
450000,1720,6960,1140,580
298500,2420,8800,1420,1000
403950,710,1136,710,0
271000,710,4240,710,0
335000,1510,3844,1510,0
305000,1610,1968,1610,0
630000,1880,2200,1520,360
253000,1220,5000,860,360
395000,2060,7900,1070,990
265000,1340,10290,1140,200
225000,1030,9192,1030,0
338500,2717,4513,2717,0
300000,1360,8100,860,500
255000,1260,7810,1260,0
337000,2240,8504,2240,0
324900,2080,9740,2080,0
821000,2760,8476,1690,1070
500000,3000,213008,3000,0
885000,3310,6000,2200,1110
360000,1630,10375,1630,0
304000,900,7500,900,0
376000,880,2400,760,120
425000,1620,7875,1620,0
1.18E+06,1610,7200,1090,520
187000,1730,1803,1730,0
710000,1640,4080,1540,100
585000,1840,7350,1370,470
1.40E+06,4700,22326,4700,0
1.98E+06,4500,44384,3340,1160
250000,1780,35233,1420,360
950000,3800,12200,3800,0
725000,2980,16996,2980,0
505000,2780,6369,1590,1190
90000,560,4120,560,0
400000,2060,3060,2060,0
407000,1140,7785,1140,0
651000,1890,4400,1890,0
485000,2090,7450,1350,740
460000,3460,13168,3460,0
369000,1320,6135,880,440
355000,1240,27042,1000,240
155000,810,4755,810,0
1.00E+06,1880,5450,1880,0
419625,2680,11590,2680,0
435000,2040,6880,2040,0
379000,2180,7876,1290,890
293000,1870,5371,1870,0
592100,2310,7851,1790,520
362000,1120,9730,1120,0
227000,1340,10035,1340,0
335500,1260,8487,1260,0
213000,1200,55321,1200,0
338000,2400,4496,2400,0
163500,940,7200,940,0
199988,860,5000,860,0
1.19E+06,2390,7875,1980,410
320000,3130,5200,3130,0
450000,3550,11780,2960,590
249900,1470,2541,1470,0
223000,910,9869,910,0
631000,2630,59586,1470,1160
350000,1780,10416,1060,720
279000,1430,39160,900,530
310000,2730,7344,1510,1220
185000,900,8000,900,0
445000,1740,22089,1130,610
365000,2905,4874,2905,0
333500,2230,9120,1390,840
385000,1680,8450,1340,340
345000,1240,11200,1240,0
1.26E+06,3230,8625,2220,1010
440000,2560,10400,1280,1280
444500,2600,4724,2600,0
340000,1200,11834,1200,0
680000,1660,6075,1660,0
420000,1140,8558,1140,0
438500,3050,10689,3050,0
109500,800,10625,800,0
461000,1700,7495,1200,500
968000,2630,9645,2630,0
355000,1960,7705,980,980
249000,1180,11579,1180,0
256500,1960,7350,1360,600
1.81E+06,4250,20441,2490,1760
269000,1950,8661,1950,0
1.35E+06,3600,5217,2720,880
885000,2060,9552,1610,450
455000,1640,9825,1090,550
980000,2730,4800,2230,500
412500,1530,6300,1530,0
740000,3060,4777,3060,0
1.30E+06,2860,5658,2130,730
326000,1030,798,1030,0
568500,2460,4200,2460,0
620000,2500,8282,2500,0
283000,1830,7600,1490,340
875000,2820,4536,1930,890
1.31E+06,3750,5000,2440,1310
289950,2070,6145,2070,0
252500,1780,7192,1250,530
376000,2200,6750,1480,720
635700,3240,13978,1860,1380
710000,2880,12349,2880,0
440000,1570,5120,980,590
439000,3180,7904,1810,1370
455000,1310,12196,1310,0
225000,910,9612,910,0
250000,1460,10914,1460,0
585000,3410,34939,2470,940
685000,2720,4720,1580,1140
420000,2280,10319,1300,980
245000,670,1675,670,0
275000,1480,15000,1480,0
270000,2330,8000,1390,940
767250,2170,2500,1710,460
229000,1760,9900,1760,0
400000,1240,4000,1240,0
2.20E+06,5210,35765,4940,270
665000,2800,17788,1400,1400
500000,2060,44431,2060,0
355500,2360,19899,2360,0
369000,2370,6557,2370,0
338500,720,6050,720,0
256000,950,4000,780,170
470000,1980,9725,1980,0
675000,2540,7680,2540,0
369950,2760,7533,1400,1360
615000,2950,7980,2350,600
1.20E+06,3640,28531,3640,0
950000,2150,3503,1870,280
799500,2760,5750,2760,0
187000,840,11600,840,0
598000,2890,12478,2890,0
429950,2060,10160,1340,720
347950,1700,13500,1700,0
851000,3560,107290,3560,0
205000,1210,10185,1210,0
225000,1590,9200,1110,480
705000,2620,10536,1520,1100
535000,3190,6178,3190,0
222500,1450,9044,1450,0
313500,1270,1282,1000,270
632000,2730,7521,2730,0
467000,1840,3432,1840,0
339000,1970,7210,1380,590
712000,3200,6699,3200,0
335000,1060,10050,1060,0
470000,1740,1693,1360,380
367000,810,7000,810,0
440500,2460,4399,2460,0
305000,2100,9288,1050,1050
635000,1530,5000,1020,510
1.02E+06,1670,4800,1670,0
342000,1175,1366,740,435
283000,2130,8800,1270,860
430000,2470,50123,1280,1190
245000,1700,4268,1700,0
355500,2600,5540,2600,0
395000,1460,5000,1460,0
324900,2010,7280,2010,0
660000,1320,5750,1320,0
570000,3150,20189,3150,0
552321,1960,8469,1960,0
1.10E+06,2050,11900,2050,0
237000,1800,9216,1800,0
402000,1210,5600,1210,0
470000,1830,39165,1830,0
395900,1880,8706,940,940
442000,860,5535,860,0
795000,2890,16397,2890,0
190500,1390,10155,1130,260
808000,3340,7230,3340,0
500000,2040,6685,2040,0
775000,3010,15992,3010,0
300000,2110,8500,1100,1010
496000,2110,8500,1100,1010
448000,2510,6853,2510,0
645000,2770,11884,1570,1200
464600,1120,5500,1120,0
590000,1530,2370,1530,0
399000,1800,3300,1690,110
305000,1030,6000,1030,0
478000,1210,6175,1210,0
598800,1090,32010,1090,0
430000,1790,7203,1110,680
433000,1550,5053,1180,370
420000,2400,20000,1170,1230
585000,2470,131790,2470,0
255000,1170,7395,1170,0
305000,1120,10125,1120,0
396000,1040,4420,1040,0
347500,2460,7350,2460,0
900000,3690,11468,3690,0
425000,1960,43332,1400,560
429000,1920,15124,1920,0
540000,1670,3135,1220,450
324950,1340,9750,890,450
1.05E+06,2610,3357,1980,630
221000,1540,7200,1260,280
405000,1640,7201,1640,0
1.15E+06,2100,15120,2100,0
588000,1930,7245,1510,420
234950,1430,10850,1430,0
580000,2430,4995,1730,700
637000,2460,7240,1840,620
704000,2490,6973,1490,1000
210000,880,9750,880,0
772000,2110,3750,2110,0
763000,1850,4388,1850,0
213500,2060,7713,2060,0
255000,1360,9367,680,680
423500,2000,10490,1430,570
520000,1810,18483,1810,0
550000,2230,14400,1460,770
795000,1820,7517,1820,0
495000,2740,2811,2240,500
455000,2710,6558,2710,0
85000,910,9753,910,0
239000,1980,10585,1980,0
184900,1040,10080,1040,0
386000,2810,8560,1610,1200
415000,2000,5962,2000,0
387000,1530,6372,1210,320
2.14E+06,5110,7128,5110,0
685000,3133,16197,2533,600
340000,2020,32710,1070,950
422000,750,4000,750,0
442000,1980,39932,1980,0
280000,1200,6250,920,280
1.15E+06,3580,8921,3580,0
279000,2010,11618,2010,0
569000,1730,3884,1060,670
1.36E+06,5960,13703,4770,1190
209950,860,5080,860,0
468000,1370,7697,1370,0
237100,1360,9603,1360,0
336000,2530,8169,2530,0
500000,1680,3813,1680,0
290000,1580,6860,1580,0
1.19E+06,3890,8342,2840,1050
365000,1600,4168,1600,0
146300,1200,9668,1200,0
554000,1760,10780,1760,0
424000,1670,7700,1170,500
1.35E+06,4640,9827,3210,1430
508500,1800,6750,1800,0
244500,1210,8864,1210,0
206000,1280,1566,1280,0
643500,1650,7104,1650,0
372500,1590,10523,1590,0
630000,1900,5000,1720,180
418000,1500,3608,1500,0
425000,2689,6688,2689,0
800000,3250,5500,3250,0
208000,960,13438,960,0
476000,1650,9600,1650,0
277500,1690,5171,1690,0
478000,2790,36585,1410,1380
890000,2310,4020,2310,0
450000,1790,1288,1390,400
205000,1230,8750,1230,0
665000,1620,2640,1620,0
518000,2440,12051,1440,1000
465000,2100,7350,2100,0
330000,3040,7232,3040,0
449400,2490,5064,2490,0
829000,2690,10443,2690,0
450000,2190,9752,2190,0
310000,1490,9120,1490,0
615000,2530,45234,2530,0
605000,2060,4040,1120,940
437500,1970,35100,1970,0
545000,1400,4000,1400,0
770000,3680,35617,2390,1290
600000,3000,13899,3000,0
560000,1440,5000,1440,0
1.92E+06,7730,230868,6660,1070
457000,1170,3348,1170,0
585000,1770,8640,1520,250
560000,1860,13374,1860,0
345000,770,3008,770,0
550000,3820,17745,2440,1380
589950,3190,8195,3190,0
327000,1320,13200,1320,0
800000,1730,31491,1730,0
150000,1010,25000,1010,0
425000,1140,1182,1140,0
350000,860,7030,860,0
273000,1540,10545,1540,0
750000,2160,9525,1080,1080
240000,1450,9477,1450,0
400000,1830,9620,1830,0
230000,1630,6625,980,650
372000,2500,8215,2500,0
459500,1470,4950,1030,440
582000,2380,19860,2380,0
465000,2170,7700,1420,750
386000,2120,7560,2120,0
546000,1530,3464,1530,0
278000,2710,9088,2060,650
540000,2860,8935,2860,0
529000,2800,90169,2800,0
554000,1120,7104,1120,0
210000,1730,7210,1430,300
225000,1010,5408,1010,0
561600,2350,6624,2350,0
300000,2860,5682,2860,0
1.65E+06,4285,9567,3485,800
1.02E+06,4060,19290,4060,0
150000,1310,9612,960,350
400950,2320,6250,1400,920
620000,2210,8101,2210,0
449000,2090,14141,1680,410
630000,2240,4025,1250,990
336000,1180,7200,1180,0
299950,1560,31299,1560,0
352500,1970,7451,1350,620
150000,840,12750,840,0
175000,840,12750,840,0
305000,1830,10873,1830,0
2.57E+06,4475,20424,2659,1816
607500,1800,4700,1200,600
505000,1250,5040,950,300
280500,2440,10179,1220,1220
610000,2910,12283,2910,0
381000,3060,6895,3060,0
482000,2230,9600,1320,910
379950,1270,6900,1270,0
2.50E+06,4300,19844,4300,0
425000,1580,39189,1180,400
580000,2570,36465,2570,0
605000,860,6510,860,0
194000,820,1060,760,60
546200,2090,8579,2090,0
1.40E+06,3560,16782,2560,1000
315000,1860,9629,1240,620
465000,900,8690,900,0
330000,1160,32251,580,580
795000,3100,7501,3100,0
265000,2300,9100,1280,1020
1.30E+06,3110,11857,2040,1070
126500,1130,12212,1130,0
760000,2920,7901,2920,0
540000,1230,1569,1050,180
446000,2190,12687,1370,820
170000,850,5600,850,0
379000,1500,7420,1000,500
1.40E+06,4620,5508,3870,750
800000,3150,7035,3150,0
260000,1300,10139,1300,0
820000,3160,8000,1580,1580
449950,2070,96703,2070,0
392000,1790,7125,1220,570
465000,1650,4636,1650,0
449950,2070,7312,1230,840
520000,1580,8841,1180,400
546800,2170,10000,1420,750
825000,2220,11925,1560,660
337000,1440,11364,1440,0
333000,720,6686,720,0
380000,1120,780,760,360
280000,1970,8426,1970,0
202000,1420,9081,1420,0
585000,2250,4119,2250,0
435000,2630,9663,1330,1300
1.20E+06,4740,172497,4740,0
364000,1280,2574,1280,0
300000,1260,8280,1260,0
558000,1930,4601,1930,0
199950,1048,4800,1048,0
515000,1640,8400,1640,0
590000,2380,4950,2380,0
813500,2530,15520,2220,310
725000,2700,25870,2700,0
490000,2330,3600,2330,0
277000,2160,9612,2160,0
325000,1470,70800,1470,0
649800,2280,9827,2280,0
425000,1280,3200,1280,0
460000,850,4650,850,0
750000,4610,81935,4610,0
469000,2690,11745,1790,900
566000,2440,5000,1340,1100
407500,1930,10460,1930,0
353500,800,8775,800,0
524000,2430,73151,2430,0
264950,1990,9656,1990,0
547500,2550,10355,2550,0
264500,1370,7087,1370,0
507500,2020,8118,1020,1000
560000,1560,2198,1180,380
995000,5610,22529,4090,1520
835000,3560,5120,3560,0
440000,2120,6290,1220,900
1.02E+06,2920,5629,1460,1460
300000,1340,7788,1340,0
125000,1230,4800,1230,0
986000,2840,5900,1920,920
315000,2080,5650,1680,400
320000,2070,7007,2070,0
972000,4010,13797,4010,0
760000,2190,10000,1540,650
265000,1730,7264,1730,0
355000,1250,4558,1250,0
300000,1300,20812,1300,0
474950,2080,8347,1460,620
470000,2180,17180,2180,0
437500,1630,16393,1630,0
520000,1840,3825,1040,800
237600,1370,11584,1370,0
162950,950,2784,950,0
457000,1690,6375,1690,0
635000,1780,11000,1210,570
735000,2840,4120,2060,780
910000,2000,5150,2000,0
346500,1570,2048,1290,280
655000,2370,9517,1630,740
425000,1610,144619,1610,0
137000,1300,10125,1300,0
557500,2620,11056,2620,0
415000,3060,48787,3060,0
830000,2780,10192,2780,0
949000,4270,85643,4270,0
420000,1310,3963,1310,0
353000,1100,7500,1100,0
560000,1480,383328,1480,0
445700,1270,1180,1270,0
226000,1270,6459,1270,0
358000,890,9870,890,0
501000,1480,8667,740,740
609000,3240,23870,1840,1400
734950,4280,47179,3050,1230
725000,3210,12000,1830,1380
350500,1870,7200,1390,480
610000,3990,3839,1990,2000
605125,1160,5029,910,250
1.39E+06,2940,20384,2940,0
550000,1850,37264,1850,0
335000,1060,1202,760,300
397000,1100,9165,1100,0
240000,1190,10299,1190,0
240000,1030,11118,1030,0
262500,1140,14373,1140,0
440000,2260,5300,1200,1060
160000,1140,3240,1140,0
427000,1860,4736,1860,0
920000,4080,10666,4080,0
2.30E+06,3280,7100,2180,1100
480000,2870,35757,2870,0
615000,2300,11700,1960,340
736500,2230,4800,1290,940
542500,1920,1649,1600,320
191000,700,5000,700,0
730000,2740,11975,2740,0
1.23E+06,3440,5000,3440,0
129000,650,15364,650,0
284000,1500,10018,1500,0
645000,2490,5978,2490,0
218000,1330,7600,1330,0
675000,3190,6875,2120,1070
575000,1590,2910,1110,480
225000,830,5720,830,0
626000,1810,5107,1810,0
499950,2910,20067,2910,0
405000,2180,13529,1090,1090
152500,1090,3523,1090,0
325000,2160,6825,2160,0
475300,2110,10005,1110,1000
485000,2180,7318,1210,970
720000,2100,2200,1500,600
465000,1410,6886,1410,0
489000,1020,9072,920,100
3.10E+06,5090,23669,5090,0
288000,2090,7500,1280,810
225000,1350,9793,1350,0
499000,2650,11774,2240,410
632000,3520,36558,2100,1420
580000,2040,4627,2040,0
730000,2340,5000,2100,240
325000,1770,7799,1770,0
421000,1100,8662,1100,0
316000,1490,4078,1490,0
415000,1460,4200,880,580
401000,1350,2839,1350,0
229950,1030,12700,1030,0
539950,1820,9875,1820,0
335000,1170,5360,1170,0
339000,1450,3748,1450,0
414950,2200,8545,1100,1100
650000,1610,8976,1610,0
445000,2690,21883,2690,0
295000,1850,7800,1850,0
975000,2250,3600,2010,240
296500,1580,10100,1580,0
440000,2030,56192,1550,480
420000,1890,10880,1890,0
302000,2140,9492,2140,0
350000,1770,7336,1770,0
667000,3320,478288,2260,1060
645000,1640,4218,910,730
430000,1820,5400,1220,600
413000,1410,6000,810,600
420000,1240,7300,1240,0
495000,1780,8050,1230,550
2.19E+06,4240,13162,4240,0
965000,3570,17411,3570,0
500000,1900,5001,1200,700
636100,1010,6000,1010,0
720000,2870,12648,2870,0
298000,1620,12825,1340,280
409000,1480,4000,740,740
370000,2650,5706,2650,0
230000,1410,9000,1410,0
290000,1360,6685,1360,0
420000,2930,9840,1560,1370
917000,3500,10891,3500,0
957000,3160,5000,2180,980
482000,1710,21485,1710,0
488000,2180,14734,2180,0
760369,2870,4712,2870,0
170000,1500,18540,1500,0
625000,2120,10021,1230,890
357000,1590,6750,1080,510
583000,1830,8276,1350,480
173250,1210,9097,1210,0
414050,1590,10331,1590,0
400000,1050,6150,950,100
537000,1550,27003,1550,0
465000,2070,7500,2070,0
425000,1740,9682,1740,0
445000,1700,21780,1080,620
179950,1200,9000,1200,0
275000,1710,7230,1710,0
190000,1840,13493,1840,0
385000,1900,5520,1280,620
303000,2300,9583,1220,1080
165000,970,7503,970,0
600000,1270,5000,1270,0
710000,3130,65775,3130,0
875000,4230,21455,2720,1510
269950,1480,9743,1480,0
838000,3310,42998,3310,0
670500,1590,6750,1590,0
420000,1690,9391,1290,400
370000,1690,161913,1430,260
360000,1500,7200,1500,0
562500,2320,8721,2320,0
360500,3300,11525,1650,1650
389999,1445,1471,1300,145
450000,1890,13140,1270,620
247500,1760,8400,1060,700
208000,1050,6240,1050,0
455000,1980,7309,1980,0
379400,2120,7680,1060,1060
190000,760,40039,760,0
326188,1300,8800,1300,0
168000,1160,2174,1160,0
314000,2340,8990,2340,0
630000,2710,37277,2710,0
550000,1440,8957,1440,0
530000,1980,15086,1980,0
637500,1680,10685,1680,0
400000,1390,2815,1390,0
700000,3100,9825,3100,0
272000,1680,8512,1680,0
600000,2710,6474,2710,0
450600,840,7020,840,0
550000,2090,8095,2090,0
225000,1120,8407,1120,0
132825,1210,5200,1210,0
219950,1210,5200,1210,0
580000,1940,6000,970,970
568000,1930,213008,1300,630
406000,1270,6017,1030,240
469000,1680,2400,1170,510
415000,2090,6045,2090,0
390000,1000,13991,1000,0
251000,1350,10125,1350,0
750000,3280,6750,2440,840
845000,2390,5071,1760,630
350000,1860,17640,1860,0
322000,1380,5864,790,590
664500,3070,9210,2740,330
988000,2190,3800,2190,0
625000,1990,4000,1090,900
675000,930,36478,930,0
503000,2070,9827,1420,650
431000,2170,10500,1270,900
250000,1910,10230,1290,620
268500,2100,4237,2100,0
1.07E+06,3560,21400,3560,0
295000,2290,4539,2290,0
780000,2130,11782,1590,540
354000,2160,15817,2160,0
305000,860,7250,860,0
733000,2880,4425,2880,0
640000,2100,11894,1720,380
840000,2360,9600,1630,730
1.48E+06,3680,10300,3680,0
525000,1560,8100,1140,420
625000,1680,11180,1680,0
350000,1380,3600,1380,0
650000,2610,4160,1910,700
435000,870,4000,870,0
660000,1210,9622,1210,0
350000,1150,12877,1150,0
435000,3110,6000,1560,1550
375900,2550,33740,1750,800
272000,2430,10500,2150,280
233000,1460,7800,1040,420
500000,1330,5750,1330,0
540000,2040,9322,1440,600
712000,2375,4094,2375,0
425000,2480,4504,2480,0
242000,1580,6099,790,790
515000,2740,9629,1390,1350
415000,1920,7700,1920,0
375000,2200,9600,1570,630
182500,910,7194,910,0
310000,1860,10379,1240,620
360000,1510,6000,1060,450
889000,3920,9555,3920,0
450500,1330,3698,1330,0
342000,1964,3541,1964,0
413000,1520,3451,1520,0
960000,3720,15200,3720,0
180000,770,9370,770,0
770000,3210,14910,3210,0
224400,1070,7200,1070,0
280000,1430,8861,1430,0
500000,1670,2575,1670,0
153000,710,9000,710,0
385000,1920,4833,1060,860
325000,750,5534,750,0
315000,2210,4191,2210,0
294999,1660,9760,1660,0
175000,1910,17003,1910,0
299000,1910,17003,1910,0
146000,780,9750,780,0
290000,1650,10336,1500,150
1.78E+06,3230,7800,3230,0
367500,810,4800,810,0
535000,2750,15099,2750,0
334999,1650,13816,1650,0
655000,1960,5520,1080,880
1.30E+06,2790,10125,2790,0
480000,2230,11200,1300,930
465000,1280,4720,850,430
297950,1240,10800,1240,0
590000,1860,3600,1110,750
805000,2410,6000,1410,1000
204250,1960,7708,1490,470
500000,1710,4561,1710,0
490000,3480,12696,1980,1500
2.50E+06,3480,14850,1870,1610
750000,2960,69351,2960,0
405000,2670,20894,2330,340
209995,700,7303,700,0
680000,2830,8399,2830,0
355000,1120,7740,860,260
280000,1310,6600,1310,0
385000,1710,11500,1210,500
505000,2200,9778,1100,1100
429900,3310,8897,2380,930
560000,2280,9874,2280,0
231000,1640,4875,1040,600
135000,750,5217,750,0
800000,3520,4895,1980,1540
420000,2720,8622,2720,0
360000,1660,9600,1660,0
642000,2560,8780,2560,0
379950,1080,5077,1080,0
745000,2050,11041,2050,0
630000,2670,3240,1780,890
250000,1730,7200,1730,0
275000,990,9798,990,0
435000,3560,4290,1780,1780
175000,700,8174,700,0
560000,1880,3880,1090,790
325000,1870,9680,1170,700
1.19E+06,2500,5568,2500,0
399950,2570,10431,2570,0
752000,2940,10382,2940,0
1.20E+06,3930,43560,3930,0
400000,2150,11026,2150,0
240000,1330,6000,630,700
640000,3220,4759,3220,0
564450,2710,6174,2710,0
300000,1630,82764,1630,0
286000,1680,4226,1680,0
531800,1930,5344,1930,0
502000,2140,10943,1550,590
993500,4070,23321,4070,0
450000,1350,10000,1350,0
997950,4270,117176,4270,0
526000,1320,5250,1320,0
335000,2100,8298,1230,870
187250,710,14700,710,0
735000,2350,6000,1020,1330
425000,1180,8400,1180,0
110000,1250,53143,1250,0
305000,1490,7697,1490,0
212000,1000,9450,1000,0
1.38E+06,4050,18827,2150,1900
298950,2300,11505,1300,1000
525000,1330,8136,1330,0
707000,3200,7081,3200,0
695000,2590,12063,2590,0
796500,2590,12063,2590,0
420000,2030,8100,1150,880
625000,2700,21208,1950,750
620000,1670,9900,1670,0
1.45E+06,3090,19865,3090,0
549950,2650,54380,2650,0
275000,1440,10920,1440,0
705000,2820,7200,1780,1040
197000,1690,7735,1060,630
265000,1420,8126,1420,0
297000,1790,5341,1050,740
207500,1320,12528,1320,0
410000,1509,1418,1509,0
268000,1610,8416,1610,0
330000,1550,50094,1550,0
417500,1160,7491,1160,0
760000,2500,8500,2500,0
499000,1540,1326,1390,150
620000,1910,7683,1910,0
315000,2340,6837,2340,0
624950,2060,4730,2060,0
525000,1960,12350,1960,0
300000,1150,3927,1150,0
299900,2330,7200,1560,770
299000,2210,10119,1450,760
1.88E+06,3260,19542,2170,1090
265000,1900,10588,1900,0
280000,1610,158558,1610,0
124740,1340,15600,1340,0
1.09E+06,3170,34850,3170,0
1.97E+06,4440,6480,3140,1300
219000,1370,5339,1370,0
569950,1420,6250,1420,0
212500,1030,21712,1030,0
680000,1820,8316,1320,500
1.46E+06,2650,6900,2400,250
300000,910,7700,910,0
629950,1680,1683,1120,560
349900,1550,9230,970,580
690000,2780,6235,2780,0
1.45E+06,4070,11334,4070,0
1.29E+06,3240,12625,3240,0
696000,3650,38546,2550,1100
650000,2180,60112,2180,0
640000,2480,10800,2480,0
499950,3180,23809,3180,0
490000,3630,8387,3630,0
685000,3160,5635,3160,0
387500,1370,7140,1370,0
401750,1070,1236,1000,70
254950,2180,8800,1170,1010
500000,2420,36680,2420,0
856500,3290,8147,3290,0
552000,1430,5000,1080,350
506500,1890,7200,1500,390
500000,1760,4539,1760,0
280000,2230,10160,1400,830
308000,1630,11475,1330,300
613500,2350,7035,2350,0
255000,1550,9720,1050,500
545000,3550,136343,3550,0
620000,2720,34498,1360,1360
450000,1740,6800,1740,0
279000,1840,7275,1090,750
625000,2010,3200,2010,0
274950,1670,7415,1320,350
423000,1820,6038,1040,780
350000,720,5820,720,0
305000,2370,10140,1460,910
368000,2120,11340,1060,1060
232000,1290,6604,1290,0
250000,1800,2500,1800,0
220000,1230,8917,1230,0
435000,1380,2500,750,630
350000,740,7680,740,0
206325,1720,10202,1720,0
339000,1720,10202,1720,0
399000,2100,7355,2100,0
529000,1210,7667,900,310
640000,2210,7722,2210,0
735000,2470,2550,2470,0
378000,2760,8015,1600,1160
775000,2540,7200,1600,940
2.25E+06,5150,7800,4170,980
1.35E+06,3420,7440,3420,0
380000,2270,11500,1540,730
624900,2270,11500,1540,730
379770,1470,1779,1160,310
340000,1280,16200,1030,250
515500,2830,8126,2830,0
600000,1970,7125,1500,470
400000,1390,60984,1390,0
364000,1020,11383,1020,0
440000,2250,7526,2250,0
285000,800,6240,800,0
669000,1560,4500,1560,0
475000,2100,13468,1050,1050
747000,990,4000,990,0
317000,1060,5750,1060,0
390000,1270,8164,1270,0
1.07E+06,2740,5000,2740,0
1.21E+06,2470,5500,1570,900
580000,1970,5100,1130,840
518000,2070,10244,1370,700
147500,1010,6552,1010,0
555000,2220,8125,1450,770
427500,1090,934,1090,0
1.74E+06,4310,32093,2510,1800
265950,1490,3840,1490,0
247500,700,6046,700,0
244000,1450,8960,1450,0
578550,2120,6602,2120,0
451000,1670,3315,1670,0
489000,1810,4220,1810,0
190000,710,1164794,710,0
475000,2540,18900,1580,960
485000,1420,4080,1420,0
530000,2440,45738,1840,600
379000,2570,10155,2570,0
1.63E+06,3090,16583,3090,0
739000,2050,5160,1300,750
189950,920,6460,920,0
637500,2320,4468,2160,160
2.23E+06,3450,16740,1960,1490
209950,1660,8800,960,700
460000,1130,7000,830,300
543500,2550,5835,2550,0
376000,2420,5773,2420,0
430000,1470,1703,1470,0
515000,2030,39049,1530,500
580000,2310,2400,2310,0
600000,3370,16846,2650,720
476800,1900,43700,1900,0
815000,1940,3570,1740,200
455600,2420,8252,2420,0
270000,1010,9514,1010,0
1.20E+06,2710,2800,2380,330
525000,1340,3600,1340,0
242000,1310,9645,1310,0
715000,2650,30500,1680,970
475000,1890,3938,1890,0
370000,2580,5511,2580,0
788600,3500,7200,3500,0
160000,1040,13100,1040,0
800000,1930,501376,1930,0
520000,2190,5085,2190,0
725000,1530,4000,1530,0
335000,1480,6500,1480,0
919000,3620,17133,2220,1400
425000,3370,13929,2650,720
420000,2100,14395,1140,960
905000,3370,47959,3370,0
435000,2240,7200,1120,1120
438000,1650,3031,1650,0
725000,2630,7505,2630,0
840000,2330,4000,1300,1030
425500,1970,2752,1970,0
853505,2820,14890,1770,1050
398000,590,10945,590,0
418500,2060,4399,2060,0
826000,1890,5000,1890,0
742000,2810,10986,2810,0
180000,1470,18581,1470,0
286000,2190,8400,2190,0
421200,1440,3060,1440,0
390000,2480,14141,1500,980
739000,2780,6737,2780,0
499900,2180,12196,2180,0
670000,3340,13805,3340,0
842500,2560,3996,2150,410
492500,1600,80400,1600,0
836500,2230,7200,2230,0
334000,900,1818,900,0
179900,1010,9920,1010,0
563000,1580,5289,870,710
310000,1890,6300,1890,0
335000,2160,8817,1460,700
499950,2160,8817,1460,700
658500,1410,5101,1410,0
297000,1430,1650,1430,0
725000,2380,4080,2380,0
780000,2206,82031,866,1340
252500,1030,6127,880,150
330000,1070,1155,720,350
525000,2320,9610,1730,590
365000,1270,7500,1270,0
500000,2570,9104,2570,0
179950,920,4875,920,0
440000,1790,32379,1790,0
145000,480,9750,480,0
331000,2483,5701,2483,0
780000,2140,3000,2140,0
855000,1900,4000,1300,600
225000,1650,7739,1290,360
199000,1510,9100,1510,0
550000,2910,35200,2910,0
1.43E+06,4960,6000,3680,1280
805000,2710,4500,1880,830
261000,1810,29308,950,860
347000,940,9198,940,0
390000,1600,10240,1090,510
436000,2640,3899,2640,0
1.80E+06,3890,20005,2260,1630
557000,1630,1587,1630,0
135000,830,9600,830,0
425000,1800,14036,1800,0
648752,2060,9953,1070,990
1.39E+06,4040,20001,2020,2020
630100,1910,11356,1160,750
739000,2800,246114,2800,0
269000,1320,2625,1320,0
250000,1220,5038,1220,0
475000,3100,5298,3100,0
290000,550,5700,550,0
219000,1080,10639,1080,0
416000,880,6650,880,0
179000,720,8914,720,0
302000,2030,9120,2030,0
565000,2040,8281,2040,0
281700,1570,8316,1070,500
480000,1500,3420,1500,0
775000,3180,15358,3180,0
375000,1260,11224,1260,0
345000,1390,13860,1390,0
300000,2850,9375,2240,610
364950,2070,2992,2070,0
410000,2650,7819,1760,890
231000,1220,8817,1220,0
445000,1630,8702,1630,0
530000,1785,779,1595,190
353500,1260,972,840,420
209950,1380,11130,1380,0
650000,2330,7200,1320,1010
325000,840,4239,840,0
257000,1730,9516,1180,550
337000,2230,5970,2230,0
541000,1790,4038,1790,0
577500,2280,10879,2280,0
560000,2430,5128,1270,1160
979700,3730,5500,2160,1570
750000,2230,8560,1150,1080
407500,770,2971,770,0
530000,1814,5000,944,870
235000,1920,9350,1000,920
715000,1860,3840,1170,690
795000,2750,10000,1730,1020
465000,1930,9653,1930,0
287600,1950,8251,1950,0
630000,2470,9328,2470,0
445000,1630,6449,1310,320
490000,2110,16200,1630,480
565000,1490,5000,1250,240
330000,1740,1844,1320,420
463000,1900,6000,1300,600
1.87E+06,4510,15175,4510,0
219500,1090,6710,1090,0
622200,1720,7200,1420,300
474800,1400,1243,1400,0
465000,2090,9702,1320,770
389950,1580,9049,1580,0
650000,2620,19864,2620,0
395000,1500,2506,870,630
304500,2030,5202,2030,0
307000,1020,8484,1020,0
485000,1540,7120,770,770
1.56E+06,3910,16200,2890,1020
650500,3920,11412,3920,0
960000,3180,10105,3180,0
710000,2330,9160,2330,0
540000,2600,23361,2150,450
601000,1950,4200,1040,910
463828,3250,13702,1650,1600
293000,1130,8308,1130,0
597500,2620,4800,2620,0
240000,1120,45302,1120,0
284000,1800,23103,1800,0
440000,2180,10200,2000,180
340000,1960,8136,980,980
363000,1960,8136,980,980
270000,1150,3600,1150,0
365000,2800,6820,2800,0
428000,1310,2550,780,530
600000,2340,57499,2340,0
405000,1430,10200,1430,0
339900,2340,9748,1610,730
275000,1290,11250,1290,0
361600,760,6380,760,0
325000,2780,13950,2780,0
1.05E+06,2090,4077,1530,560
959750,3060,50002,2460,600
210000,1110,7962,1110,0
258000,1790,7879,1790,0
468000,1830,9848,1830,0
710000,2850,2910,1970,880
268000,1420,6000,1420,0
115000,790,7252,790,0
500000,2300,4307,2300,0
431000,2440,71002,2440,0
241500,1310,7349,870,440
300000,1380,12000,1380,0
982000,2790,10289,2790,0
248500,1360,7293,1360,0
665000,2510,5936,2510,0
1.22E+06,4560,16339,4040,520
380000,780,3910,780,0
220000,1410,7998,1410,0
631500,2530,5650,1910,620
386100,1270,6760,1270,0
1.05E+06,3180,4606,1990,1190
650000,1450,4000,1350,100
545000,2040,53578,1160,880
870000,2650,12001,2650,0
380000,1240,8611,1240,0
265000,820,8423,820,0
645500,1890,5202,1890,0
570000,1270,3090,1270,0
1.20E+06,3350,11688,1760,1590
605000,1550,3200,1550,0
199500,920,9812,920,0
445000,950,4800,950,0
495000,2040,3570,1020,1020
594000,1870,5200,1200,670
465000,1720,5280,900,820
160000,1020,13647,1020,0
340000,2690,6099,2690,0
870000,3090,41147,3090,0
249000,1070,5150,1070,0
500000,2050,7201,2050,0
220000,1660,15600,1660,0
368500,2810,9360,1520,1290
439950,2460,14600,1720,740
179900,1230,12000,1230,0
490000,2360,4367,2360,0
425000,1730,11890,980,750
533300,2770,21806,2770,0
447500,1770,3332,1630,140
768000,3030,13640,3030,0
285000,2380,6000,1320,1060
336900,1780,120661,1780,0
415000,1540,7886,1540,0
500000,1580,4379,1580,0
337000,3200,5772,3200,0
419950,2220,6800,2220,0
290000,2240,8162,1380,860
349950,1640,4176,1040,600
330000,1170,4950,1170,0
965000,3160,34560,3160,0
515000,2100,7851,2100,0
665000,2600,17388,2600,0
265000,1630,5999,1630,0
545400,2850,19200,2340,510
350000,2560,5606,2560,0
260000,980,1296,840,140
2.51E+06,5480,57990,5480,0
355000,2160,8091,2160,0
879000,3030,5156,2080,950
833000,3560,7178,2590,970
261590,760,6407,760,0
512500,2260,2400,2260,0
600000,1560,3200,880,680
417500,2270,6664,1340,930
970000,3480,15185,3480,0
316000,1900,7479,1900,0
397500,2350,9952,1650,700
1.35E+06,2390,5500,1700,690
840000,3730,9847,3730,0
270000,1780,81021,1780,0
312900,1630,4473,1630,0
325000,1130,6908,1130,0
680000,2140,3584,1070,1070
763000,3220,7873,3220,0
375000,800,533610,800,0
475000,1800,3300,1690,110
219000,809,940,809,0
415000,1820,9694,1240,580
90000,580,7500,580,0
220000,580,7500,580,0
616000,2900,5650,1520,1380
269500,1140,74052,1140,0
395350,1060,5754,1060,0
770000,2320,7200,1260,1060
840000,3450,43216,3450,0
428950,1760,4441,1310,450
800000,3370,6766,3370,0
401000,1940,5753,1940,0
303697,2520,7334,1600,920
355000,1360,8968,1360,0
350000,800,5040,800,0
754999,3010,9323,3010,0
982218,2340,5500,2340,0
406500,1780,8621,1780,0
1.65E+06,4200,210394,4200,0
565000,1720,3000,860,860
160000,830,4500,830,0
220000,1090,6320,890,200
1.28E+06,5040,9466,5040,0
970000,3500,5040,2950,550
115000,1080,6250,1080,0
124000,1080,6250,1080,0
157000,1080,6250,1080,0
183000,870,5200,870,0
527000,2830,6163,2830,0
407193,1880,14653,1880,0
970000,3600,5040,2610,990
535000,2340,5600,2340,0
245000,2040,13125,810,1230
337000,1310,12750,1310,0
630000,1470,6000,1090,380
320000,1370,9900,1370,0
228500,1080,7486,990,90
293000,1990,7577,1990,0
447000,1310,7000,1310,0
226500,1640,10762,1130,510
436000,1770,8000,1350,420
451000,2050,4876,2050,0
315000,1170,62290,1170,0
450000,1340,7250,1340,0
635000,2240,5300,1120,1120
292500,880,17743,880,0
329900,2170,4905,2170,0
531000,1260,6660,1260,0
725000,1880,13300,1380,500
355300,1620,7410,1620,0
280000,1610,10022,1610,0
1.10E+06,3330,9143,3330,0
605004,1370,4000,1370,0
260000,690,6000,690,0
748000,3170,4979,2570,600
776000,1990,6180,1010,980
425000,1080,6095,1080,0
230000,1870,14703,1090,780
418000,1670,12075,1370,300
440000,2800,28254,2800,0
858450,3460,7977,3460,0
390000,1930,12443,1930,0
957000,2370,3836,1750,620
507000,1180,6000,1180,0
575000,1320,4750,1320,0
700000,1350,4000,1350,0
239950,1068,1452,1068,0
253000,1580,8240,1040,540
540000,1690,3417,1690,0
1.55E+06,5120,4600,4490,630
805000,3960,38615,3960,0
920000,2420,4000,1870,550
496600,1910,5562,1910,0
246000,1440,10500,1130,310
350000,2320,8400,1510,810
585000,1670,4572,1670,0
450000,1390,11700,1390,0
746000,2620,8950,2620,0
598555,3040,7880,3040,0
820000,2990,10711,1560,1430
266500,1740,5460,1210,530
370000,2360,105850,1180,1180
625000,2240,3600,1650,590
243500,1610,6200,1610,0
340000,700,5829,700,0
559950,2730,9519,1670,1060
315000,1780,15114,1080,700
753000,3070,223463,3070,0
800000,2060,3200,2060,0
550000,1360,5111,1360,0
465000,1430,14250,1430,0
465000,1840,5752,1840,0
710000,2000,8068,2000,0
505000,1820,11012,1820,0
690000,2330,16300,2330,0
217500,1070,8400,1070,0
500000,930,3750,930,0
325000,1040,5796,1040,0
500000,1960,12436,1960,0
721500,2970,234788,2040,930
924000,2200,5000,2200,0
2.01E+06,3810,28176,3810,0
345000,830,1034,830,0
825000,3920,11086,3920,0
560000,2870,95396,1350,1520
599000,2560,14680,1330,1230
211000,1350,7620,1350,0
425000,1240,21190,910,330
750000,3210,8520,1810,1400
479000,1690,3322,1690,0
612500,2550,10623,2550,0
605000,3240,34510,2690,550
1.36E+06,3560,8960,3560,0
389900,2160,59241,2160,0
710000,3060,5000,3060,0
295000,1690,8564,1690,0
275250,1520,7199,1520,0
250000,2040,5770,2040,0
709000,2360,18000,2180,180
399500,1360,4840,1360,0
225000,2000,9202,2000,0
500000,1650,4648,1650,0
364900,2500,8304,2500,0
356000,1140,7500,1140,0
616750,2140,47743,2140,0
755000,2870,6600,2870,0
327500,830,8183,830,0
605000,1960,10139,1960,0
179950,1130,5200,1130,0
633000,3630,30570,3630,0
349950,1764,15600,1764,0
1.08E+06,2770,5800,1650,1120
425000,2650,12247,2650,0
990000,2500,6350,2370,130
410000,2710,19000,2710,0
590000,2490,8800,2490,0
242000,1500,7560,1500,0
775000,1160,13747,580,580
680000,1880,6200,1440,440
217000,1340,4200,1340,0
395000,1960,3953,1960,0
572500,2030,9791,1500,530
559900,2200,6380,1440,760
845000,2540,4750,1840,700
241000,1520,7131,1520,0
1.33E+06,2360,5504,2080,280
475000,1340,2805,1340,0
575000,1400,5810,1400,0
455000,3030,117378,1680,1350
839000,3200,203425,3200,0
475000,1580,10260,1030,550
600000,2120,6897,1060,1060
515000,1640,5200,1040,600
425000,1890,8400,1520,370
565000,1710,3875,1710,0
498000,1140,8282,1140,0
739000,2720,3800,1800,920
355000,1650,4000,950,700
263000,1790,7485,1330,460
375000,1680,6834,1680,0
322000,2200,12231,1250,950
325000,830,5100,830,0
290000,770,4800,770,0
809950,3280,6181,3280,0
969500,2080,3025,1220,860
665000,2790,43091,2790,0
635000,4150,13232,4150,0
272450,1780,7332,1780,0
427000,1460,9750,1460,0
261500,1410,8174,1410,0
488800,2170,9665,1300,870
340000,690,5200,690,0
398950,3000,10297,3000,0
217000,870,5200,870,0
799000,3170,94855,1910,1260
160000,1540,7350,770,770
447000,1270,8800,1270,0
765000,2190,6450,1480,710
1.32E+06,4410,36200,4410,0
445000,2790,8111,2480,310
310000,1510,6000,1170,340
380000,1800,7191,990,810
325000,2410,6975,1510,900
345000,2250,7412,1480,770
300000,950,4760,950,0
530000,2860,48351,1710,1150
583500,2860,48351,1710,1150
410000,1560,10125,1130,430
535000,1940,5700,970,970
2.05E+06,3580,19989,3480,100
345000,2040,5523,2040,0
539000,1700,11727,1700,0
590000,3700,12500,1920,1780
187000,1050,2926,1050,0
270000,1690,9583,1690,0
546000,1120,6180,1120,0
520000,1490,1036,1090,400
515000,2220,6000,1390,830
990000,2160,6000,1880,280
382000,870,10492,870,0
1.21E+06,1900,13600,1900,0
900000,3370,5000,2470,900
675000,3370,5350,2310,1060
460000,880,3300,880,0
234000,940,5375,940,0
399000,1340,7191,1340,0
253500,1440,12040,1440,0
475000,1750,12632,1750,0
740000,3990,5000,2910,1080
799000,2860,4442,2860,0
390000,1940,3864,1940,0
421000,1400,11245,1400,0
296500,1770,6033,1770,0
895000,1710,4178,1710,0
386000,2810,11897,2810,0
424000,1580,13912,1580,0
749000,1580,5000,1580,0
523000,1440,8681,1440,0
389000,2420,9147,2420,0
270000,1930,15000,1930,0
275000,1190,27215,1190,0
287500,2240,6944,1310,930
345000,2550,216344,2550,0
427000,920,3780,920,0
508450,1520,9600,1000,520
705000,1460,6250,1460,0
550000,1900,40600,1450,450
380000,1430,11173,1430,0
539900,2500,4203,2500,0
330000,720,7250,720,0
455000,1140,5720,850,290
510000,3530,10935,3530,0
315000,1220,14645,1220,0
206000,1320,7000,1320,0
592500,2170,8240,1370,800
744000,2020,7512,2020,0
334500,1990,3694,1990,0
886000,2660,3900,1480,1180
600000,2360,13500,1780,580
850000,2740,101930,2740,0
550000,1360,5850,1000,360
184900,1230,5000,1230,0
245000,1260,7964,1260,0
370000,1040,4172,1040,0
480000,2700,9700,1670,1030
579000,1800,4429,1800,0
339275,1590,7260,1080,510
425000,1360,542322,1140,220
170000,1370,10780,1370,0
950000,3320,7644,3320,0
623000,2980,9235,1690,1290
477000,1350,2053,1350,0
330000,1160,9600,1160,0
600000,1480,5400,1480,0
570000,1640,2808,820,820
515000,2680,7178,2680,0
805000,2440,9889,1540,900
555000,2920,24074,2920,0
245000,1780,9598,1780,0
638150,2170,7275,1820,350
1.65E+06,5550,16065,3880,1670
269950,2060,13500,1260,800
195000,1050,5525,1050,0
159100,790,7095,790,0
550000,1010,6120,1010,0
299000,1040,4600,1040,0
1.38E+06,3130,4500,2060,1070
249500,900,4500,900,0
700000,1470,5450,1470,0
275000,1080,26114,1080,0
565000,2440,8378,1480,960
425000,2520,11017,1320,1200
620047,1760,6000,880,880
480000,1820,13362,1220,600
515000,1820,13362,1220,600
420000,3040,24123,3040,0
610000,3490,23400,1890,1600
849000,2440,8040,1440,1000
718000,2280,3446,2280,0
295000,1980,8000,1560,420
871000,2360,6150,1180,1180
430000,3890,7140,2390,1500
440000,2300,10880,1190,1110
405000,910,6490,910,0
340000,1140,11620,1140,0
675000,2390,5249,2390,0
480000,1150,4945,1150,0
362500,2330,8586,1270,1060
752888,2420,9000,2420,0
255000,960,8863,580,380
283700,1010,10900,1010,0
335000,2370,6000,2370,0
285000,2880,18296,1580,1300
278000,2400,7738,2400,0
731000,3670,8960,3670,0
335000,1140,15890,840,300
334200,1410,45302,1410,0
642000,1530,4305,1530,0
540000,1720,4240,1460,260
299000,1620,79993,1620,0
560000,1570,4375,970,600
852000,1990,3750,1990,0
306000,930,5650,930,0
440000,1550,7820,1210,340
517000,1650,8250,1650,0
379000,800,6380,800,0
360000,930,6098,930,0
645000,2550,4000,1760,790
217000,720,4760,720,0
255000,620,4760,620,0
625000,2360,12164,2360,0
680000,1760,8400,1460,300
440000,2100,29735,1080,1020
615000,2480,12070,2480,0
239000,1040,6860,1040,0
462500,1656,108900,1656,0
619400,2090,3610,1790,300
975000,2520,54160,2520,0
330000,700,4000,700,0
985000,4030,36762,4030,0
430000,760,7114,760,0
2.46E+06,6500,14986,5180,1320
778000,1840,6000,1720,120
219000,1090,7350,1090,0
1.60E+06,2980,13341,1800,1180
715000,1900,8272,1460,440
950000,2790,15653,2790,0
425000,1280,5026,1020,260
239000,1510,15022,1510,0
310000,920,8282,920,0
400000,700,8120,700,0
428000,1980,44550,1280,700
600000,1440,4300,1440,0
415000,2740,8250,2740,0
401000,1400,8220,1400,0
292000,2270,7156,1370,900
291750,1310,12825,1310,0
227000,1680,7455,1680,0
675000,2260,13209,2260,0
397500,1350,980,1050,300
206000,1820,8867,1820,0
1.19E+06,3380,3333,2800,580
360000,2140,49658,2140,0
427500,2430,3249,2430,0
115000,940,6000,940,0
559000,2070,5386,1140,930
420000,1510,1501,1510,0
550000,2550,39460,1890,660
282150,700,5940,700,0
260000,1150,3090,1150,0
428000,2340,3466,2340,0
319950,1510,1245,1510,0
1.35E+06,2070,9600,1590,480
552000,1150,5000,1050,100
637000,2190,2867,1470,720
213000,1980,9000,1480,500
215000,960,7200,960,0
590000,2180,6120,1380,800
390000,2560,43560,2560,0
287000,2270,11997,1540,730
580000,3550,9600,3550,0
424000,1330,5632,1330,0
610000,2110,6360,2110,0
1.32E+06,3470,11843,2270,1200
623500,1550,3350,860,690
260000,570,81893,570,0
906000,2030,1800,2030,0
330000,1500,11233,1500,0
275000,920,7688,920,0
290000,1470,8200,1040,430
599950,1150,3775,1150,0
550000,4180,35169,4180,0
289000,1690,3449,1690,0
411000,2150,9915,1240,910
826000,2330,4000,1730,600
400000,2680,13680,2350,330
342000,1740,2226,1320,420
475000,1320,3420,1080,240
1.21E+06,3150,5500,3150,0
455000,2480,9238,2050,430
850000,3330,4000,1790,1540
185000,1010,6400,1010,0
850000,4920,20590,2730,2190
239900,1570,18730,1200,370
765000,3580,14275,3190,390
437000,2220,17568,2220,0
240000,1010,10350,1010,0
395000,1440,7808,860,580
320000,1230,7492,1230,0
525000,1710,7350,1280,430
260000,2390,8993,1680,710
450000,2840,39324,2200,640
560000,2300,7989,2300,0
310000,2270,5001,1360,910
440000,2290,6302,2290,0
458450,1330,9715,970,360
200000,1200,10703,1200,0
430000,2160,6527,1580,580
360000,1120,10500,1120,0
311000,2090,11645,1200,890
615000,1470,1152,1470,0
575000,2270,10136,2270,0
2.03E+06,4100,22798,2540,1560
430000,1440,4025,720,720
400000,1200,4800,1200,0
340000,1720,10710,860,860
351000,930,6600,930,0
440000,2400,8038,2400,0
298000,1960,11798,1960,0
300000,1890,9205,1260,630
310000,1590,3056,1590,0
500000,2590,9354,2590,0
399900,860,1664,860,0
343000,1270,2509,1270,0
415000,1130,2191,1130,0
410000,1860,15457,1860,0
320000,1802,11225,1802,0
1.99E+06,4480,5000,3420,1060
253000,1310,7128,940,370
630000,2320,32772,2320,0
216000,1130,12500,1130,0
540000,2180,11100,1230,950
212000,1830,12233,1830,0
300000,2340,12282,1470,870
969950,2830,3750,2830,0
715000,1610,7680,900,710
1.32E+06,2410,19447,2290,120
1.44E+06,2660,9547,1930,730
305000,1030,5350,1030,0
458000,1390,1569,1150,240
275000,1580,8775,1220,360
550000,2330,4780,1730,600
742000,1540,704,1540,0
700000,1570,4000,1570,0
640000,2940,5763,1640,1300
352000,1240,7200,1240,0
301500,1410,7419,1050,360
630000,2190,9880,1410,780
340000,3040,6255,3040,0
477500,1860,9364,1080,780
285000,1690,7460,870,820
255000,1900,16117,1900,0
315000,1600,7982,1600,0
830000,2530,9000,2530,0
539950,1860,1558,1860,0
980000,2390,4590,2090,300
735000,3100,8529,3100,0
536000,2650,9140,1350,1300
575000,1520,5000,1140,380
500000,1510,4000,930,580
285500,1960,7950,1960,0
498000,2270,7375,1290,980
412000,910,6282,910,0
607000,2100,8220,1300,800
199000,1000,8512,1000,0
492500,2760,18306,1630,1130
585000,2840,11044,2840,0
326995,1860,5321,1860,0
372500,1920,9660,1920,0
528000,840,40642,840,0
400000,2390,32109,2390,0
344000,2100,8501,2100,0
409950,2430,7163,2430,0
625000,1880,4000,1280,600
304950,1350,9000,1350,0
381500,2160,35183,2160,0
215000,1430,13399,900,530
345000,2840,12870,2840,0
363000,2510,20000,2510,0
240000,1690,20063,1690,0
548050,1930,5479,1930,0
314000,720,4920,720,0
800000,2990,16809,2990,0
400000,2300,6720,2300,0
247000,460,4120,460,0
540000,1240,4120,890,350
410000,1900,15123,1900,0
525000,2120,9146,1260,860
820000,2440,5737,1700,740
1.25E+06,3300,15375,2820,480
244000,1180,10200,1180,0
275000,520,4800,520,0
577000,2070,23160,1260,810
446950,2250,7945,1360,890
457000,2050,5694,2050,0
320000,1310,137214,1310,0
210000,1250,9484,1250,0
220000,2130,9100,1290,840
589000,2250,8800,1250,1000
435000,1880,3840,970,910
375000,1520,10798,1520,0
1.74E+06,4010,9654,4010,0
545000,1660,5581,1660,0
970000,3400,10000,3400,0
705000,2320,6755,1380,940
915557,3740,11536,2540,1200
259000,1810,9000,1810,0
1.70E+06,3170,3000,1990,1180
427000,1680,8610,1290,390
390000,930,3100,930,0
363000,2390,8000,2390,0
612000,2680,3626,1680,1000
380000,1790,10186,1790,0
230000,1680,6003,1150,530
580000,1570,2600,1570,0
770000,2230,3200,1630,600
207200,1260,8400,1260,0
525000,1790,11430,1190,600
925000,2440,7419,1520,920
883000,2410,4000,1650,760
455000,1780,2992,1780,0
343500,1900,5194,1900,0
244000,960,8450,960,0
397000,1640,11730,1640,0
180500,850,5000,850,0
310000,2150,6576,1900,250
315000,2780,3969,2780,0
718000,1030,4958,1030,0
279950,1930,7267,1330,600
689000,2080,9612,1700,380
828000,3520,9901,3520,0
150000,890,8100,890,0
505400,1640,3400,930,710
1.68E+06,4860,23723,3820,1040
217450,1040,5000,1040,0
677000,2820,4174,2820,0
361000,1320,48787,1320,0
620000,2590,7237,2590,0
176000,1540,5449,1180,360
330000,960,7218,960,0
290000,1190,8175,1190,0
711000,2770,9532,2770,0
295000,1060,8100,1060,0
1.10E+06,4010,12110,4010,0
257500,1140,7078,1140,0
240000,1910,16320,1910,0
645000,2340,8955,2340,0
499000,1170,2400,740,430
321000,1290,9526,1290,0
449000,1810,1658,1810,0
515000,1820,5280,910,910
456000,2220,12385,1270,950
865000,3830,219106,3830,0
515500,2920,7700,2920,0
576925,2630,6100,2630,0
243000,1320,10416,1320,0
253400,1400,8640,1400,0
292000,1600,3580,1600,0
271500,1490,8005,1090,400
765000,2170,6750,2170,0
375000,1280,1730,1090,190
382880,1620,9566,1620,0
852500,2630,10100,1580,1050
475000,1240,8738,1240,0
462000,1300,2580,820,480
762400,2430,14607,1230,1200
330000,1890,7540,1890,0
473000,1890,12236,1890,0
550000,2440,7200,2440,0
449500,1780,7280,1340,440
744000,2830,13059,2830,0
700000,2490,4700,1690,800
511100,1560,12220,1560,0
317950,1980,4500,1980,0
542950,2070,39768,2070,0
490000,1490,11360,1490,0
760000,3090,4060,2420,670
475000,1580,8659,1220,360
1.70E+06,5190,23716,3390,1800
435000,2692,6197,2692,0
399000,1740,3690,1740,0
627000,1940,3800,1050,890
346500,2150,5100,1290,860
412000,1320,8000,1320,0
845000,3360,40471,3360,0
373000,1850,9655,1100,750
725000,2880,8882,2480,400
376000,2420,11662,1420,1000
552500,2020,4120,1520,500
365000,2280,19000,2280,0
700000,3010,46173,3010,0
315000,2550,9736,2550,0
262500,1540,5110,1540,0
660000,2280,6150,2280,0
340000,2450,6941,2450,0
660500,2950,5500,1720,1230
280000,690,1950,690,0
267000,800,2480,800,0
230000,1470,25661,1470,0
417000,1840,11403,1840,0
252000,1170,9730,1170,0
791000,2344,4800,1544,800
415000,1230,3774,830,400
339000,1150,13278,1150,0
158000,1140,10477,1140,0
535000,1660,5100,1260,400
818900,1080,4120,980,100
550000,1720,4000,1420,300
240000,590,8717,590,0
590000,1290,1230,1090,200
369300,1480,21320,1480,0
510000,2600,118666,1400,1200
542500,2040,10086,2040,0
262500,970,7854,970,0
900000,2620,4350,1760,860
1.10E+06,4560,41636,4170,390
368000,1750,14400,1750,0
825000,3620,6499,3620,0
343500,1660,7509,1660,0
273500,1360,6000,1020,340
1.00E+06,2044,5610,2044,0
770000,2370,6000,1340,1030
400000,1170,3868,1170,0
225000,1660,7210,1100,560
345000,2020,18150,2020,0
450000,2530,8116,2530,0
334850,870,5635,870,0
605000,3670,9600,1980,1690
760000,3180,14000,3180,0
390000,1870,12960,1350,520
488000,1940,5660,1940,0
3.30E+06,4220,41300,2460,1760
1.06E+06,4820,13165,3950,870
608000,2400,217800,1590,810
1.39E+06,2930,6000,1920,1010
299950,800,3000,800,0
818000,2200,4800,1910,290
355000,2400,9701,2400,0
1.86E+06,5570,9600,3860,1710
660000,1980,2850,1980,0
2.37E+06,3530,17450,1840,1690
1.21E+06,3430,35120,3430,0
255950,1720,3676,1720,0
475000,1930,11092,1500,430
362950,2140,159865,1140,1000
452000,1110,9012,1110,0
315000,1970,8200,1270,700
330950,1630,2844,1630,0
535000,2520,49222,2520,0
479000,2270,9464,1520,750
340000,1212,1174,1212,0
312000,1890,8362,1890,0
305000,1370,6600,1370,0
270000,1770,7336,1770,0
529999,1710,1664,1300,410
587100,1190,6967,1190,0
459800,1690,16061,1690,0
451000,1680,7800,1330,350
2.48E+06,4340,4947,3060,1280
525000,2040,435600,2040,0
250000,1110,26051,1110,0
475000,2040,6180,2040,0
235000,1920,11595,1920,0
230000,1330,9548,1330,0
581000,1630,2566,1630,0
415000,1520,9030,1520,0
522500,1520,9030,1520,0
383000,1340,7725,1340,0
315000,2500,8289,1250,1250
591000,1460,3600,1460,0
750000,3140,12150,3140,0
430000,2150,4333,1200,950
712000,3140,32336,3140,0
510000,2310,53578,1340,970
480000,710,4800,710,0
538000,1460,7200,1260,200
464000,730,5000,730,0
476000,1440,3840,1440,0
349500,1130,16875,1130,0
270000,1810,8262,1810,0
740000,2710,18480,2000,710
395000,2740,8336,2740,0
498000,1690,4088,1690,0
339900,1470,4675,1470,0
539000,2830,9972,2830,0
400000,1410,9704,1140,270
225000,2170,11745,1410,760
330000,1340,4080,1170,170
1.39E+06,2480,5500,1730,750
490000,1990,31200,1990,0
260000,2240,7200,1140,1100
469900,2990,8913,2990,0
493000,2120,3801,1220,900
740000,2920,46355,2920,0
148900,1700,6000,1700,0
475000,1620,14467,1620,0
415000,760,4000,760,0
229500,1230,6000,1230,0
1.36E+06,4960,13990,3760,1200
385000,2030,11375,1330,700
230000,1830,11331,1250,580
425000,970,2700,770,200
189900,1000,4179,1000,0
238000,750,6480,750,0
968060,2620,16200,1570,1050
921000,2220,9496,1490,730
380000,3000,6000,1500,1500
285000,1060,54846,1060,0
449000,1980,5400,1980,0
625000,1600,5500,1600,0
318989,2000,9000,2000,0
445000,1310,1266,1120,190
750000,1120,8549,1120,0
959000,3320,11875,3320,0
330000,2370,9102,2370,0
425000,830,1241,830,0
280000,940,7913,940,0
476500,2250,50155,2250,0
556000,2020,3600,2020,0
1.86E+06,5240,320917,5240,0
637000,4083,68377,4083,0
405000,1450,6081,1450,0
397000,1170,6757,800,370
895990,3555,6565,3555,0
259000,1610,14046,1610,0
420000,960,112384,960,0
518000,1680,2096,1380,300
425000,1380,8182,1380,0
182500,1040,13920,1040,0
549900,1380,3031,1380,0
445000,1850,16863,1280,570
452000,1740,5400,990,750
715000,1920,6500,1260,660
559000,2010,5200,2010,0
3.30E+06,8020,21738,8020,0
250000,1860,7350,1090,770
1.23E+06,4390,6656,2930,1460
276500,2380,128937,2380,0
440000,2880,7386,2880,0
543200,2820,15600,1970,850
250000,750,4000,750,0
625000,1750,9000,1410,340
530100,1540,3399,1200,340
549900,1140,936,940,200
430000,1560,6534,1560,0
835000,2960,6856,2960,0
409500,2140,13000,1320,820
329000,1600,6765,830,770
940000,2080,4000,2080,0
539950,1560,3200,1560,0
579950,2880,213444,2140,740
881000,2510,4125,1590,920
362500,960,5424,960,0
243950,1120,35500,1120,0
658000,3310,6166,3310,0
218250,1080,9774,1080,0
655000,2860,12394,2860,0
255000,1490,7599,1490,0
215000,1210,7175,1210,0
1.27E+06,2240,5657,1910,330
2.92E+06,4575,24085,3905,670
424305,1600,5960,1600,0
494000,2090,4300,1250,840
560000,2260,3713,2260,0
130000,1200,7000,1200,0
468000,2480,176418,2480,0
480000,2240,15435,1390,850
475000,1550,4054,1550,0
285000,2130,8151,1330,800
765000,2870,5700,1950,920
208000,1160,5750,1160,0
372000,2430,5000,2430,0
470000,900,5512,900,0
451000,2830,8925,2830,0
442200,1620,8132,1620,0
330000,2510,8580,2510,0
335000,1790,5120,940,850
280000,1640,13249,1640,0
625000,2240,6050,1250,990
345000,1870,3584,1870,0
255950,1500,11050,1500,0
570000,1490,6000,1490,0
685000,2230,8558,2230,0
273148,1710,7210,1240,470
246500,1620,7686,1620,0
349950,2250,7176,1310,940
545000,1700,2350,850,850
403000,1502,1400,1502,0
299950,1900,4054,1900,0
792000,3320,12840,2600,720
418000,1980,10205,1080,900
332500,1670,8102,1670,0
337000,2235,43560,990,1245
212000,1070,7386,1070,0
542000,1800,2819,1800,0
622500,2980,8107,2980,0
260000,1670,8511,1340,330
525000,2620,38350,1320,1300
975000,5470,35071,4590,880
1.14E+06,3080,6500,1700,1380
500000,940,10360,940,0
554000,1870,11411,1170,700
343000,2070,4500,2070,0
515000,950,15219,950,0
492000,1290,6272,890,400
655000,2570,8022,1370,1200
290000,1600,6848,1600,0
952500,2550,5055,2550,0
235000,1010,7500,1010,0
323000,1720,7110,1720,0
1.05E+06,2200,1970,1610,590
265000,384,213444,384,0
200000,1400,9600,1400,0
419995,1830,7500,1330,500
1.50E+06,3110,9015,1590,1520
455000,1600,7829,1600,0
660000,3600,37982,3600,0
319000,1390,12823,1390,0
390000,2092,250905,2092,0
718500,1200,6240,1030,170
474000,1090,3160,840,250
615750,2140,6360,1840,300
551000,2010,17362,2010,0
230000,1500,7210,1150,350
790000,3500,9198,3500,0
1.23E+06,2660,1967,1870,790
325000,1440,6443,1440,0
705000,2780,6207,2780,0
259000,1580,8856,1580,0
306000,1250,8700,1250,0
315000,970,6828,970,0
392500,1100,7650,1100,0
1.07E+06,3240,12930,2730,510
350500,1290,1445,1290,0
825000,3810,9792,3810,0
235000,1500,6360,1500,0
650000,2660,257875,1530,1130
675000,2400,3340,1200,1200
265000,1860,8505,1860,0
822500,1450,7098,1450,0
705000,2260,4000,1540,720
2.63E+06,5540,7200,3950,1590
685000,1300,1676,1300,0
630000,1610,5000,1610,0
1.25E+06,3820,24166,3310,510
359000,1820,11325,1390,430
784500,5820,13906,3750,2070
850000,2470,8800,2470,0
410000,3040,6054,3040,0
252000,1120,8250,1120,0
618000,1880,18295,1880,0
265000,1070,4800,970,100
465000,1560,8509,790,770
240000,870,6552,870,0
217000,1000,12000,1000,0
415000,2520,4200,1510,1010
274000,1700,7992,950,750
420000,2150,6117,1370,780
1.06E+06,1590,6000,1590,0
1.42E+06,4670,43950,4670,0
618500,1800,5000,1080,720
295000,1670,10800,1670,0
400000,1010,12252,1010,0
595000,2550,6677,2550,0
1.73E+06,3700,20570,1850,1850
261000,1350,7686,1350,0
780000,1660,4000,1660,0
589000,1390,5040,1090,300
230000,1720,9125,1140,580
690000,2980,2147,2490,490
524000,2190,15491,2190,0
380000,1230,987,1060,170
357500,1000,4080,740,260
330000,2500,10697,2500,0
635000,2240,4750,1120,1120
934000,2820,4480,1880,940
358500,1400,865,1110,290
401000,1470,6867,1470,0
270000,1820,7750,1820,0
705000,2060,6000,1370,690
325000,1670,17071,1100,570
384950,1540,7740,1540,0
310000,1210,9730,1210,0
829950,3430,42775,3430,0
353000,2550,6021,2550,0
170500,1060,7700,820,240
885250,3670,49658,3670,0
2.70E+06,4420,7850,3150,1270
245000,1550,9126,1550,0
469000,1190,1290,1190,0
455000,1300,3550,1300,0
305000,2430,5959,2430,0
840000,4290,37607,4290,0
905000,3500,10155,2570,930
219200,1680,7000,1680,0
455000,1250,8004,1250,0
195000,1020,8100,1020,0
799000,1510,4178,1510,0
285000,910,8155,910,0
300000,1320,15053,1320,0
83000,900,8580,900,0
220000,890,4804,890,0
174500,1240,2689,1240,0
695000,2960,10760,2960,0
255000,1020,11410,1020,0
539000,2590,7245,1510,1080
552700,1100,2800,1100,0
571500,1300,6710,1300,0
263700,1200,6561,1200,0
3.30E+06,7710,11750,6090,1620
186950,1390,1302,1390,0
520000,1430,53628,1430,0
358000,1250,7194,1250,0
210000,840,49658,840,0
3.65E+06,5020,8694,3970,1050
543000,2060,8767,2060,0
330000,2000,10679,1350,650
529000,1530,3400,990,540
295000,700,2500,700,0
365000,950,8450,950,0
473000,1380,1081,1380,0
403500,1830,8004,1200,630
544000,1790,8203,1790,0
621000,1340,4000,1340,0
672600,1520,5750,1400,120
689800,1370,3125,1090,280
613000,1470,4480,1130,340
808000,2500,8866,2500,0
301000,1060,9241,1060,0
340000,1210,9635,1210,0
206000,920,8400,920,0
550000,1340,6000,1340,0
325000,960,4800,960,0
475000,1630,7586,1630,0
432100,1840,7350,1310,530
359000,3085,7280,1560,1525
490000,920,4800,780,140
648360,2260,7005,1130,1130
340000,1730,11986,1730,0
545000,1610,8069,1090,520
115000,550,7980,550,0
705640,2400,12350,1420,980
300000,1960,1585,1750,210
1.65E+06,3190,14904,1940,1250
1.14E+06,3160,4200,2180,980
280000,1550,7410,1550,0
245000,1930,7650,1280,650
564000,1170,4590,1170,0
849000,2520,4534,1460,1060
698000,1220,7447,1220,0
319000,960,8556,960,0
1.45E+06,4110,15720,2230,1880
695000,3310,21050,2400,910
680000,2220,5310,1170,1050
287500,2250,12000,2250,0
465000,1510,1850,1230,280
335000,1350,14212,1350,0
602000,2420,37800,1880,540
482000,2950,6545,2950,0
220000,1260,8382,1260,0
206000,1700,6025,1700,0
1.10E+06,3320,5760,2120,1200
491150,1470,3971,1470,0
390000,2500,12848,2120,380
393000,2641,8091,2641,0
635000,2260,8457,2260,0
490000,1160,5000,1160,0
770000,3680,2242,2670,1010
665000,1615,4590,1615,0
287000,1250,26862,1250,0
410000,1230,7020,1090,140
562000,2510,5200,1470,1040
475000,1540,54450,1540,0
387500,1860,2218,1860,0
580000,2700,10875,1540,1160
930000,3290,6830,3290,0
625000,2700,18893,2110,590
325000,1570,5600,1570,0
235000,1950,8712,1950,0
450000,1380,4390,880,500
745000,2410,5650,2070,340
223000,1200,8470,1200,0
630000,1770,12278,1350,420
413450,1540,1614,1470,70
720000,2860,5379,2860,0
339000,1740,21980,1740,0
1.12E+06,2830,4000,1840,990
839000,4280,11307,2710,1570
2.95E+06,3890,25470,3030,860
568000,2340,50233,1170,1170
269000,1410,10577,1410,0
382000,1350,2560,1350,0
574000,1100,1114,900,200
405000,2070,4697,2070,0
572000,2360,9938,1690,670
675000,2760,12100,2760,0
165000,1220,7980,1220,0
260000,1220,7980,1220,0
196000,1220,6719,1220,0
515000,3020,12184,3020,0
810000,3470,7396,2520,950
365650,2380,7700,2380,0
651000,2260,1834,1660,600
240000,720,6345,720,0
299000,1730,6007,1730,0
768000,2660,10928,1830,830
397380,1030,5072,1030,0
476000,2890,6885,1590,1300
315000,890,5200,890,0
240000,1410,7290,940,470
325000,810,4080,810,0
160000,1370,8006,1370,0
435000,2260,5100,2260,0
427500,1430,16200,1430,0
450000,2510,10240,1410,1100
688000,1760,4880,1290,470
285000,1430,3600,980,450
530000,1510,1125,1510,0
195000,1320,7694,1320,0
250200,1180,7384,1180,0
1.10E+06,1560,8570,1080,480
732500,2470,10321,2470,0
194250,2190,8834,1390,800
526000,1610,8000,1190,420
520000,2700,9882,2700,0
526000,1530,6125,1120,410
1.14E+06,7320,217800,7320,0
202000,920,7569,920,0
645500,2990,8622,2990,0
570000,720,7540,720,0
325000,1750,9000,1750,0
725000,2410,5930,1930,480
192000,1240,10361,1240,0
560000,1010,9219,1010,0
283450,2770,6116,1490,1280
863000,2800,5400,1400,1400
815000,1400,4800,1400,0
245000,1020,7679,1020,0
1.32E+06,2860,10292,2860,0
1.16E+06,4270,12305,4270,0
480000,2270,4488,2270,0
600000,2560,5593,2560,0
329950,900,5220,900,0
299500,2010,12085,2010,0
460000,1690,5131,1690,0
515000,2310,5249,1560,750
405000,1520,1245,1520,0
483000,1220,3780,1220,0
377000,2170,11511,2170,0
568000,2790,17476,1450,1340
355000,1760,4600,850,910
640000,2100,3000,1500,600
270000,1430,5909,1070,360
559950,2450,8193,2450,0
515000,1820,8261,1420,400
352000,1850,5712,1850,0
595888,1870,9000,1870,0
588000,2580,7344,2580,0
1.05E+06,3680,8580,1840,1840
260000,1750,7000,1750,0
1.60E+06,3890,3600,2860,1030
380000,1000,4800,1000,0
802000,2210,6327,2210,0
1.33E+06,2850,4800,2700,150
710000,2460,3600,1640,820
600000,2630,77972,2630,0
707900,1750,5355,1750,0
179950,1100,7323,780,320
683000,2620,10489,2620,0
222400,1200,9566,1200,0
517000,1920,3408,960,960
410000,1690,5763,1180,510
480000,1680,2552,840,840
430000,3440,10428,3440,0
439950,2190,7500,1290,900
797500,3270,8223,3270,0
379000,1280,5460,1080,200
575000,1310,8667,1310,0
247500,1660,11060,1110,550
385000,2700,37011,2700,0
423000,1940,6909,970,970
550000,1520,5618,1170,350
415000,1620,4329,1620,0
693000,2090,45535,1280,810
543000,1070,4700,1070,0
465000,2000,10246,1200,800
280000,1020,2217,720,300
1.39E+06,2400,6653,2400,0
665000,2480,9720,2480,0
237950,1310,7314,1310,0
440000,2420,10200,1220,1200
618000,1890,4700,1030,860
572000,1860,4000,1020,840
725000,2500,4774,1450,1050
454000,1970,22144,1970,0
535000,1660,10656,1180,480
249000,1850,7200,1500,350
395000,1970,37026,1970,0
690000,1890,6620,1890,0
526500,1310,7236,1170,140
325000,1870,7220,1870,0
495000,1520,4080,1520,0
825000,3070,8474,3070,0
383000,1400,14850,1400,0
320000,1960,11931,980,980
475000,2680,87117,1340,1340
275000,2030,6326,2030,0
1.15E+06,2320,9300,1920,400
455000,1760,11371,1760,0
262000,1870,7800,1580,290
390000,1280,4840,940,340
300000,1730,10030,1730,0
746300,2060,5721,1140,920
267000,1030,8223,1030,0
525000,1720,7950,1720,0
570000,1210,7350,1210,0
360000,2620,8100,1550,1070
1.05E+06,1860,44431,1860,0
699950,2510,4106,2510,0
375000,2040,109336,2040,0
625000,2410,6770,1220,1190
464050,780,2750,780,0
470000,2210,9655,1460,750
330000,1590,9100,1040,550
537000,2230,7957,2230,0
250000,1560,32137,910,650
835000,2950,48351,2950,0
770000,1480,3750,1480,0
650000,2850,4497,1730,1120
335000,2390,30409,1560,830
350000,1740,29597,1740,0
415000,2060,8906,1220,840
788000,2680,8778,2680,0
640000,3150,7379,2430,720
388000,2440,7155,2440,0
360000,2230,10080,1390,840
692500,2230,10080,1390,840
425000,1600,6180,1600,0
645000,1600,6180,1600,0
340000,1580,8308,1580,0
713000,2840,54400,2840,0
430000,2550,11160,2550,0
280000,1700,7210,1250,450
215000,1470,2052,1470,0
306000,1680,11193,1680,0
299900,1110,8593,1110,0
534000,2120,8625,1200,920
1.16E+06,2380,5572,1930,450
1.17E+06,2670,5000,2000,670
199990,890,6430,890,0
946000,3140,9058,2140,1000
295000,1260,7800,1260,0
475000,920,5157,920,0
750000,2990,212137,2450,540
1.23E+06,3120,49456,2590,530
183500,1010,7520,1010,0
450000,1010,3627,1010,0
180000,1020,5500,1020,0
707000,3540,21217,2940,600
230000,900,3527,900,0
192500,1100,9750,1100,0
309000,1990,3614,1990,0
759000,1980,5800,1520,460
1.12E+06,4040,14212,4040,0
462000,1250,10530,1250,0
229000,1820,22814,1820,0
399950,1140,1184,1010,130
325000,1730,10532,1730,0
512000,1170,1313,1170,0
410000,2910,5802,2910,0
210000,970,5500,970,0
325000,2130,8499,1600,530
685000,2520,10175,1630,890
488000,1360,4688,780,580
247500,1620,6000,1280,340
489000,2120,11479,1060,1060
725000,2700,6000,1450,1250
199950,1370,10317,1370,0
670000,2520,13001,2010,510
275000,1540,10410,1540,0
1.00E+06,2610,6360,2130,480
255000,1490,8371,1490,0
465000,2760,9137,1380,1380
259000,1260,3604,1260,0
695000,2630,4713,2030,600
505000,1800,7210,1370,430
631500,1130,2640,1130,0
630500,1180,3600,1180,0
999000,2800,19168,2800,0
740000,1830,4000,1350,480
650000,2220,6380,1660,560
554000,1870,5580,1870,0
400000,2580,214315,2580,0
529941,1660,10000,1010,650
310000,1330,3740,1330,0
389000,1330,3740,1330,0
731781,2630,4972,2630,0
502501,1100,4750,1100,0
443000,1810,7950,1810,0
607000,2060,4080,1060,1000
2.15E+06,4660,5500,3040,1620
585000,2370,15200,1660,710
1.03E+06,2430,10500,2430,0
315000,1880,7000,1880,0
180000,1150,5695,1150,0
322500,1350,14200,1350,0
568500,2180,7519,1310,870
813000,3370,6675,1920,1450
1.09E+06,3650,13068,1850,1800
424000,2100,4857,2100,0
235000,670,5600,670,0
740000,2420,4000,1820,600
415000,760,3000,760,0
432000,2200,14925,1100,1100
1.27E+06,4410,35192,3880,530
676500,1300,2446,880,420
419000,720,4592,720,0
650000,2180,37042,2180,0
239000,1130,15190,1130,0
900000,2230,4372,1540,690
330000,2100,7347,1070,1030
510000,2060,58341,1100,960
465000,3060,6000,3060,0
1.70E+06,2810,18731,2810,0
490000,2550,8588,2550,0
2.68E+06,4290,20445,4290,0
1.00E+06,3040,52302,3040,0
469950,2530,14178,2530,0
536000,1300,5413,1300,0
244950,1790,19177,1790,0
575000,1530,2400,890,640
361000,2380,7500,1300,1080
650000,2400,13450,1200,1200
230005,1030,6000,830,200
293000,3250,235063,3250,0
445000,1970,24318,1970,0
280000,1940,6386,1140,800
520000,1850,10855,1370,480
780000,3900,40962,3900,0
625000,3160,76230,2160,1000
239950,1440,7200,1440,0
335000,2040,6000,1340,700
612000,2120,7401,2120,0
200000,830,8000,830,0
345000,3140,8571,1670,1470
520000,2410,6440,1550,860
855000,2190,4080,1800,390
567500,2190,5060,1190,1000
208000,1210,7247,1210,0
452000,1880,16239,880,1000
555000,2410,12183,2410,0
519000,2620,8861,1350,1270
474950,1850,2575,1850,0
419000,1760,16418,1190,570
390000,860,1800,860,0
539000,2620,6890,2620,0
569000,2400,21196,1590,810
611000,1850,5000,1850,0
760000,4040,147856,4040,0
732000,1940,55756,1940,0
1.68E+06,3490,8343,2150,1340
919950,3170,7062,3170,0
400000,2530,7563,1440,1090
785000,3230,21781,3230,0
835000,2120,54014,2120,0
640500,1640,6750,1340,300
310000,2130,9013,2130,0
355000,1440,7215,1440,0
685000,1940,7313,1440,500
202500,1120,8576,1120,0
540000,2400,5817,2400,0
295000,1810,4871,1810,0
518000,1270,6612,1270,0
250000,1350,4023,1350,0
330000,1550,435600,1550,0
481000,1620,3880,920,700
898000,2650,12845,1770,880
570000,2510,9750,2510,0
475000,2040,16200,2040,0
265000,1660,5250,1660,0
380000,1980,17342,1580,400
790000,2690,8036,2690,0
620000,2910,6110,2910,0
709050,2720,9000,2670,50
296500,1280,5100,1280,0
475000,2160,35912,2160,0
440000,1760,10835,1290,470
405000,800,6016,800,0
269500,930,4000,730,200
520000,2040,5280,1020,1020
229500,1180,22000,1180,0
335000,2000,10890,1390,610
680000,3310,50951,3310,0
1.39E+06,3130,3900,2550,580
740000,2300,9900,1600,700
270000,2140,9990,2140,0
510000,2210,5572,1760,450
300000,970,13700,970,0
1.30E+06,2690,10800,2020,670
675000,1890,5188,1670,220
925850,3140,14923,3140,0
255500,1440,43560,1150,290
450000,2910,17172,2910,0
280000,1310,22652,1310,0
245000,2140,8800,2140,0
344950,1090,6712,1090,0
381000,1330,7216,1330,0
1.95E+06,4690,6900,3480,1210
1.50E+06,1910,21374,1910,0
232603,1750,11461,1750,0
220000,1760,10200,1760,0
600000,1810,7700,1390,420
239000,1360,5754,1360,0
400000,1730,9211,1730,0
2.18E+06,4710,11000,3690,1020
350000,1010,8551,1010,0
562000,2400,97138,2400,0
380000,1540,8400,1540,0
511200,1480,7875,740,740
680000,2520,5000,2520,0
350000,1210,941,1000,210
410000,2670,184140,1410,1260
1.05E+06,3030,12590,3030,0
391265,1440,3900,1440,0
1.41E+06,3250,16684,3250,0
575000,1750,5750,870,880
316000,2120,46173,2120,0
165000,1050,5156,1050,0
850000,1950,3600,1430,520
210000,1020,6000,1020,0
325000,1820,9161,1220,600
682000,2390,53941,2390,0
430000,1400,7508,1400,0
325500,1540,8110,1190,350
385000,2370,6360,1280,1090
435000,670,1800,670,0
550000,2420,15520,2420,0
400000,1000,7800,860,140
503000,2100,7350,1240,860
676000,2800,5368,2800,0
180000,940,11055,940,0
234000,1640,5280,1640,0
734200,2760,5000,1680,1080
920000,3660,66211,3660,0
1.92E+06,3070,34412,2070,1000
224000,1100,10125,1100,0
1.40E+06,3130,19530,1690,1440
185000,1320,7155,1320,0
554600,1470,5000,1470,0
268000,1480,8009,980,500
675000,2260,8715,1530,730
620000,2210,10039,1710,500
396450,1540,12446,1540,0
565000,1910,9720,1390,520
410000,1760,3520,1160,600
1.19E+06,2240,6000,1270,970
716125,2110,7279,2110,0
225000,1396,111949,1396,0
640000,3040,7274,2320,720
374000,1140,5650,980,160
415000,1780,12161,1160,620
592500,3370,35150,1770,1600
365000,1484,1761,1484,0
600000,2230,12753,1180,1050
465000,2820,39413,2820,0
254999,1580,7560,1000,580
279000,2040,8076,2040,0
460000,2720,40813,2720,0
507000,1490,956,1020,470
291000,1560,9788,1560,0
350000,830,1077,830,0
90000,980,2490,980,0
329000,1980,7000,1360,620
909000,3680,11648,3680,0
187000,860,5400,860,0
580000,1850,5100,1020,830
345000,1620,5992,1620,0
497000,2240,7200,2240,0
345000,1010,3060,1010,0
313500,1610,7350,1610,0
910000,2720,7250,2720,0
399950,2080,5244,1190,890
268000,1930,6600,1030,900
559000,2250,8458,1450,800
309000,1980,8755,1300,680
410000,1960,4400,1960,0
259000,1320,8625,1320,0
950000,2940,5500,2340,600
320000,1460,7200,1460,0
1.15E+06,2330,30122,1490,840
394250,2620,10107,2620,0
315000,700,3876,700,0
480000,1140,12000,1140,0
556000,2750,35440,2750,0
450000,2480,5647,2480,0
420000,1130,5413,940,190
890000,2770,5000,1870,900
295000,1710,8814,1030,680
410000,2150,27345,2150,0
308900,2250,7294,2250,0
1.16E+06,2960,26742,1480,1480
665000,2300,6984,2300,0
577000,1740,5500,970,770
959000,2830,3750,2830,0
471000,1240,6417,1240,0
560000,2180,7169,2180,0
955000,2510,9887,2510,0
1.24E+06,6630,13782,4930,1700
579000,2300,18540,1800,500
335000,3220,7889,3220,0
485000,2270,7887,2270,0
552000,1840,9900,1840,0
950000,3820,15293,3820,0
203700,1660,7958,1130,530
412000,3360,9767,2450,910
237500,1350,8960,1350,0
866800,2970,5000,2200,770
425000,1000,5100,860,140
200000,1190,6833,1190,0
280000,1670,6034,990,680
140000,1200,2002,1200,0
370000,2250,10400,1280,970
550000,1040,4000,930,110
1.41E+06,3180,9400,2610,570
1.51E+06,3180,9400,2610,570
510000,2040,8800,1020,1020
351000,1160,10518,1160,0
210000,880,10800,880,0
449999,2290,36900,1690,600
137000,950,7620,950,0
270000,1010,14510,1010,0
540000,3100,100188,1820,1280
565000,2560,12480,1590,970
940000,2430,3600,2430,0
385000,830,26329,830,0
400000,2090,7634,1450,640
365000,2030,8649,2030,0
353250,1060,1600,1060,0
455000,1090,6750,950,140
475000,3400,234352,2500,900
571500,1920,7455,960,960
441000,1150,3000,780,370
810000,3970,9500,2180,1790
550000,1880,11556,1880,0
736000,1500,4000,1100,400
375000,2190,17550,2190,0
717500,2530,9932,2530,0
581000,1930,11200,1430,500
629000,1510,4560,1510,0
3.80E+06,5510,35000,4910,600
225000,1100,5200,1100,0
315000,1730,6368,1730,0
425000,1480,1386,1480,0
346500,1150,11802,1150,0
550000,1950,26500,1570,380
565000,2380,10450,1400,980
1.00E+06,3100,8000,2040,1060
400000,2010,3797,1450,560
724950,2270,5760,2270,0
623000,2050,16313,2050,0
295000,650,5400,650,0
700000,2780,7875,2780,0
482000,1300,1229,1160,140
770000,2730,11380,2730,0
310000,3140,22100,1820,1320
720000,2410,8400,2410,0
355000,1180,5965,1180,0
512000,2600,4506,2600,0
303000,1400,1650,1400,0
299000,2220,9360,1110,1110
285000,1660,6263,1660,0
680000,2330,9652,1590,740
285000,1440,6720,720,720
707000,2920,17023,1690,1230
690000,1760,6428,980,780
872000,2860,40284,2860,0
290000,2090,12750,1360,730
425000,1910,16785,1110,800
925000,3280,10558,2040,1240
340500,1770,12458,1770,0
365000,920,6600,920,0
725000,1690,8489,1690,0
811000,2470,7410,1860,610
299000,1040,9514,1040,0
287500,1220,9147,1220,0
879950,3500,13875,1830,1670
135900,760,3800,760,0
1.23E+06,3070,16028,1870,1200
522500,2100,6480,1300,800
399500,1660,6617,1660,0
450000,1430,5960,1430,0
218000,1620,17500,1620,0
289999,1490,9285,1490,0
540000,1170,4750,1170,0
324950,1240,7500,1240,0
718500,2910,6600,1920,990
495000,2660,192099,2660,0
260000,2220,8797,2220,0
430000,1920,10000,1070,850
402500,2780,4002,2780,0
1.42E+06,3110,4408,2510,600
275000,1820,9766,1450,370
250000,1765,7652,1765,0
665000,1800,9550,1320,480
425000,2650,144183,2650,0
760000,1410,3600,1310,100
447000,1650,3076,1650,0
205000,1180,8240,1180,0
191000,800,8850,800,0
350000,1430,7921,1430,0
789888,3300,7860,2410,890
443000,1220,10170,980,240
695000,3530,7202,2660,870
560000,1380,4048,1380,0
550000,1410,5000,810,600
850000,3360,6750,3360,0
352750,2270,24237,1360,910
550000,2890,9045,2890,0
774900,1750,3861,1750,0
250000,1010,8711,1010,0
962800,3780,23623,3780,0
299500,1880,11700,1880,0
250000,800,5220,800,0
745000,4720,493534,3960,760
279475,1060,10600,1060,0
450000,2530,27227,2530,0
307700,1980,13132,1260,720
665000,1650,5102,1300,350
375000,1890,3930,1890,0
420000,3360,11637,3360,0
148000,630,4200,630,0
707000,1980,4000,1980,0
399000,990,4250,840,150
570000,3420,115434,3420,0
853000,3440,35025,3440,0
400000,1300,14138,1300,0
615000,2040,28593,2040,0
463000,1250,7700,1250,0
600000,1960,14242,1290,670
429000,2720,8120,1360,1360
980000,3250,11780,2360,890
359500,3190,4700,3190,0
715000,2570,7980,2570,0
240000,1420,6984,980,440
455000,2120,9442,1060,1060
610000,2080,167270,2080,0
675000,2740,5735,2740,0
283500,1250,5375,1250,0
235000,2150,4500,1260,890
827000,3230,12100,1870,1360
353000,860,8511,860,0
747500,2810,11902,2810,0
341000,1040,4000,1040,0
182000,1160,18055,1160,0
250000,1470,2781,1470,0
655000,2350,13402,1670,680
405000,1660,8307,1660,0
390000,2020,9750,1100,920
275400,890,8180,890,0
791000,2430,5500,1810,620
424500,1460,7700,1460,0
430000,980,7200,980,0
865000,2580,10631,2580,0
163000,1250,7543,1250,0
920000,3140,9085,1570,1570
1.03E+06,2680,3011,1870,810
325000,1810,8048,1290,520
315000,2090,4698,2090,0
227000,1120,8763,1120,0
179000,1790,7175,1410,380
276000,870,2676,820,50
335000,3160,19745,1840,1320
430000,2350,12480,1600,750
266490,1810,4113,1810,0
655000,3160,8197,1580,1580
635500,1660,3600,1000,660
235000,2500,9583,1300,1200
885000,2880,11443,2880,0
352500,1470,8400,1470,0
450000,1460,7573,1460,0
3.64E+06,5490,19897,5490,0
1.05E+06,2480,15022,1330,1150
476000,1140,1332,1140,0
375000,1830,13042,1830,0
600600,3110,6829,3110,0
567000,2630,11213,1430,1200
650000,2390,12000,1470,920
190000,1750,10284,1750,0
858000,4370,422967,2580,1790
435500,1020,4512,770,250
685000,2500,6733,1770,730
252000,1540,7210,1540,0
512500,2200,6900,2200,0
423800,1940,7415,1940,0
460000,1453,2225,1453,0
434000,1830,3200,1830,0
244000,2000,15900,1000,1000
348125,1400,8451,1400,0
585000,2400,29252,2400,0
230000,1390,16000,1390,0
450000,1680,11250,1680,0
393000,1820,5054,910,910
517000,1140,3750,1140,0
400000,1060,12690,1060,0
890000,3050,50965,3050,0
205950,970,11963,970,0
209000,1320,3954,1320,0
430000,1890,6000,1110,780
534000,2040,2750,1260,780
735000,2370,3672,1650,720
873000,2720,54450,2720,0
475000,1970,7532,1390,580
325000,2180,10230,1090,1090
500000,2990,216057,2990,0
279000,2180,8475,1330,850
350000,1440,5469,1440,0
660000,3180,13653,3180,0
324950,1643,14616,1643,0
500000,1530,7816,1530,0
187300,1310,7697,850,460
345600,2800,5120,2800,0
400000,1510,7642,1510,0
935000,2700,5001,2700,0
374000,2220,15600,1140,1080
328000,1440,45302,1440,0
257500,1300,9334,1300,0
1.00E+06,2230,3600,1630,600
216500,1390,4482,1390,0
1.19E+06,2760,40946,2760,0
360000,3200,7282,3200,0
699999,1240,4000,1240,0
535000,1960,47044,1960,0
464950,2190,19800,2190,0
925000,3540,18168,3540,0
930000,2640,4080,1840,800
727500,2660,5000,1940,720
325000,1670,9500,1670,0
695000,3080,12100,2080,1000
585000,2890,6825,1560,1330
319000,1800,9597,1200,600
265000,2000,7650,1790,210
359000,1940,6654,1940,0
390000,1940,6654,1940,0
374500,960,9531,960,0
661000,1750,46173,1750,0
900000,2320,5000,1620,700
600000,2380,8204,1540,840
2.00E+06,6490,10862,3940,2550
512500,1620,4240,1620,0
229500,1770,33224,1770,0
589000,2320,5663,2320,0
539950,1330,2183,1330,0
640000,3420,21344,3420,0
218250,1270,7344,970,300
675000,2550,3600,1880,670
338000,1860,9000,1860,0
231750,1020,7615,1020,0
199900,720,7140,720,0
1.06E+06,4460,16271,4460,0
263000,1830,7315,1250,580
279950,1520,7200,1160,360
395000,1080,2940,1080,0
252500,1900,8002,1900,0
1.15E+06,5300,37034,5300,0
205000,1370,10708,1370,0
654000,2960,8968,1640,1320
200000,960,213008,960,0
700000,2190,7982,2190,0
2.72E+06,3990,18115,3990,0
306000,1200,2622,800,400
270000,1780,5015,1780,0
340000,2630,9916,2630,0
450000,2300,19250,2300,0
580000,3210,6825,1810,1400
435000,2290,4400,1290,1000
690000,2780,4688,2780,0
720000,2650,11520,2110,540
403000,1840,13020,1390,450
440000,1560,7392,1030,530
178500,1200,8470,1200,0
270000,1900,8282,1900,0
129888,710,9900,710,0
260000,1360,15210,1360,0
339950,2990,7292,2990,0
250000,1640,26127,1640,0
680000,3650,103672,2050,1600
660000,2920,3745,1860,1060
1.23E+06,3680,11491,3680,0
550000,1830,9152,1830,0
675000,2570,12906,2570,0
981000,2730,9588,1900,830
168000,1150,8000,1150,0
1.00E+06,4260,18687,4260,0
320000,1260,9600,1260,0
959000,4440,17424,2220,2220
372000,2300,7680,1270,1030
391500,1920,9625,1920,0
390000,1080,4725,1080,0
302000,890,5000,890,0
495000,1650,1577,1100,550
504500,1820,1545,1640,180
555000,2320,4800,2170,150
1.55E+06,3260,5000,2630,630
550000,1730,5750,1250,480
1.80E+06,3320,8325,3320,0
655000,1660,5422,830,830
685000,3290,90796,3290,0
721000,2280,8339,1220,1060
1.52E+06,3650,5328,2330,1320
365000,1620,219542,1620,0
458000,2020,8555,1220,800
280000,1150,12861,1150,0
628000,1940,3060,1000,940
781500,3440,6332,3440,0
295000,2000,7560,1300,700
435000,750,2786,750,0
300000,1420,7200,1000,420
208500,880,4814,880,0
930000,2680,11214,2680,0
316000,860,3000,860,0
249900,1310,6738,1310,0
675000,1780,4252,1540,240
447000,1440,4667,1440,0
675000,1510,3817,1510,0
546000,2100,1397,1580,520
310000,1310,1361,1310,0
190000,1280,5100,880,400
650000,1320,8114,1320,0
585000,1740,2350,1130,610
1.43E+06,2910,7364,2910,0
565000,2500,12090,2500,0
174900,1100,6000,1100,0
360000,1381,1180,1381,0
234000,960,9624,960,0
575000,3840,15990,2530,1310
315000,2200,5954,2200,0
225000,1250,7820,1250,0
370000,2380,14500,1850,530
606000,1500,3920,1000,500
272500,1410,7622,1410,0
475000,1680,3420,960,720
270000,1500,13500,1500,0
624000,2710,9216,1440,1270
355000,1730,7416,1730,0
345000,960,3844,960,0
342000,2380,7792,2380,0
316000,1120,98445,1120,0
539950,2960,37430,2960,0
221347,1580,6655,790,790
330000,1870,4657,1870,0
279000,1810,13000,1470,340
850000,2550,3784,1750,800
746000,1910,12321,1100,810
478000,1200,1867,600,600
820000,2420,4635,2420,0
2.16E+06,3080,6495,2530,550
820000,3850,38830,3850,0
887000,3000,22040,2470,530
159000,1360,20000,1360,0
824000,3670,4000,2800,870
812000,2270,5000,2270,0
242000,1750,11400,1750,0
625000,3550,8048,3550,0
399888,2370,30200,1570,800
289000,1670,6600,1670,0
400000,1860,12944,1860,0
1.55E+06,4460,26027,4460,0
345000,1080,4000,1080,0
874950,1080,4000,1080,0
875000,2280,4280,1280,1000
628990,2540,32647,2540,0
535000,2560,5000,1280,1280
770126,2390,9300,1430,960
710000,2870,8995,1870,1000
465000,1510,4800,860,650
359000,2200,11520,2200,0
151000,720,5040,720,0
820000,2970,9600,2970,0
160000,960,6497,960,0
535000,1420,5000,1420,0
365000,1800,9010,1300,500
708000,3090,5600,3090,0
215000,1200,7280,1200,0
1.95E+06,4065,18713,4065,0
390000,2570,22215,2570,0
570000,1530,5401,1530,0
383000,1500,13430,1500,0
370000,2490,5706,2490,0
454000,3040,12522,3040,0
1.40E+06,4140,32700,2190,1950
371000,1690,10854,1690,0
530000,1430,10350,1430,0
608000,2490,9714,1400,1090
450000,1350,7200,1350,0
780000,3140,14421,3140,0
290000,2340,52272,2340,0
225000,1610,14182,1100,510
805000,3320,38032,3320,0
660000,2390,15669,2390,0
299000,1180,13927,1180,0
530000,1260,1312,1260,0
680000,1800,4400,1350,450
199900,1790,12000,1790,0
224000,1760,6300,1060,700
244000,1540,8885,1440,100
485000,1260,3880,860,400
330000,2240,7589,2240,0
509000,1630,1724,1030,600
440000,2350,7203,2350,0
244000,1350,8587,1350,0
399700,1320,4800,870,450
519000,1950,2617,1250,700
211000,2100,9200,1050,1050
950000,3480,7800,1750,1730
410000,1830,2839,1830,0
750000,2640,5000,2040,600
133400,900,2550,900,0
240000,1553,6550,1553,0
539000,1710,2300,1570,140
688000,3400,292723,3400,0
465000,1270,5112,1270,0
936000,2960,12420,1480,1480
620000,3040,9606,3040,0
429950,1430,9750,1430,0
296475,1520,4170,1520,0
330000,1820,9450,1100,720
445000,1800,11200,1270,530
846000,2720,4000,2070,650
725000,1980,5850,1380,600
369000,2550,7349,2550,0
625000,2210,16200,1390,820
535000,2120,4080,2120,0
229950,1570,6717,1570,0
229999,1310,6960,1310,0
850000,3150,4120,2460,690
589900,3870,35889,2530,1340
513000,1840,4322,1160,680
401000,1120,8321,1120,0
260000,1440,2500,1440,0
525000,2300,26650,2300,0
470000,2070,11658,1370,700
205000,1420,8063,940,480
620000,2010,7495,1570,440
229000,1200,5000,1200,0
445000,1150,6634,860,290
215000,1240,7200,1240,0
504975,1900,4871,1900,0
495000,2350,10072,2350,0
205000,1120,8342,1120,0
152275,1020,6871,1020,0
586000,1930,8338,1930,0
779950,2680,7625,2680,0
557000,2660,11315,2660,0
610000,2200,7200,1220,980
405000,1010,7683,1010,0
320000,2310,7490,2310,0
356000,920,3863,920,0
794500,3030,4120,1930,1100
349000,1590,9620,1590,0
549000,2740,88426,2740,0
193000,960,10761,960,0
700000,2240,7227,1440,800
523000,2400,6182,2400,0
565000,2860,20790,1800,1060
500000,2960,5027,2960,0
1.45E+06,3770,4103,2710,1060
710000,3830,68825,3830,0
333000,2750,9001,2750,0
580000,2100,6874,1300,800
289950,1500,8400,1200,300
375000,710,4618,710,0
505000,2770,10800,1910,860
324950,2050,6720,1050,1000
490000,1960,10275,1960,0
630000,1770,6000,1770,0
595000,3290,22649,3290,0
872500,1990,6000,1260,730
490000,1760,5250,1000,760
1.90E+06,5080,27755,5080,0
310000,1020,8102,1020,0
450000,1350,92721,1200,150
539000,1740,12000,1740,0
888550,3540,38322,3540,0
269950,1520,8720,1080,440
142000,290,20875,290,0
300000,1310,9761,1310,0
780000,3000,24004,2410,590
545000,2660,20369,2660,0
278000,2120,9804,2120,0
342000,1200,2845,1200,0
190000,1900,9861,1900,0
387000,1010,948,1010,0
279950,1850,7480,1850,0
550000,4520,40164,3580,940
439000,2010,251341,1510,500
774888,2420,23507,2420,0
480000,2732,9500,1870,862
835000,1910,6960,1910,0
1.50E+06,3520,5400,2400,1120
771000,2220,3760,1370,850
1.23E+06,2020,5800,1760,260
600000,2090,7290,1420,670
305000,1580,7424,1010,570
1.39E+06,2650,11340,2650,0
216500,1020,11652,1020,0
370000,1070,1219,720,350
492650,2120,9786,1640,480
431200,1360,10609,1060,300
277500,1700,12048,1700,0
278000,1820,8712,1090,730
351000,1430,8400,730,700
850000,4140,7089,3160,980
885000,1313,3600,1313,0
399950,1590,87120,1590,0
185000,1080,9262,1080,0
440000,2730,6000,1470,1260
2.40E+06,3800,19798,3800,0
299000,2540,9961,1320,1220
299500,1810,34500,1230,580
420000,1540,7506,1540,0
234000,1390,18000,1390,0
540000,1460,4800,850,610
649950,2350,63162,2350,0
330000,1160,7912,1160,0
840000,3500,5960,3500,0
370000,1980,6922,1980,0
410000,1250,7700,1250,0
257000,770,7200,770,0
350000,1920,6710,1320,600
380000,1120,7560,1120,0
344000,1150,12402,1150,0
488000,1590,2550,1590,0
465000,910,3880,780,130
229500,1870,6625,960,910
445000,2420,11250,2420,0
246000,2120,7110,2120,0
545000,2730,17240,1660,1070
518000,2560,5672,2560,0
565000,2620,10016,2620,0
445000,2760,8558,2760,0
968000,2900,9799,1450,1450
725000,1820,6324,910,910
315500,1870,8400,990,880
487585,2010,9211,1470,540
246500,940,6000,940,0
819000,1850,6000,1650,200
349900,2530,4229,2530,0
267000,940,4700,940,0
480000,1820,15000,1480,340
525000,1510,3360,880,630
578000,2070,5415,2070,0
345000,1380,1547,1380,0
499000,1270,6250,910,360
425000,1390,9680,1390,0
268000,1840,7510,1840,0
240000,1600,12566,1600,0
147000,1480,9606,1100,380
500000,2120,7806,1770,350
1.01E+06,2940,5400,1940,1000
991500,3820,26895,3820,0
510000,2740,3838,1370,1370
1.98E+06,4360,12081,4360,0
484998,1540,1870,1540,0
1.28E+06,4660,17398,4660,0
210000,1590,7617,1590,0
450000,1180,10720,1180,0
875000,2360,8286,1320,1040
529950,1860,7500,1220,640
415000,1470,4000,1070,400
590000,2990,12970,1960,1030
379950,1690,9144,1140,550
385000,660,3570,660,0
588000,2310,7620,2310,0
252500,770,2191,770,0
530000,2320,3174,2060,260
385000,1370,159865,1370,0
419000,1700,7650,1340,360
175000,960,5508,770,190
515000,1150,5664,870,280
945000,2910,4680,1850,1060
359900,2290,7420,1290,1000
419950,2260,5164,2260,0
460000,1300,4000,900,400
255000,1850,7151,1850,0
481000,1920,9500,1470,450
719521,1920,9500,1470,450
1.08E+06,4910,43560,4000,910
334000,2210,6080,1410,800
675000,2280,3200,1520,760
556000,1640,7437,1090,550
900000,1980,7200,1700,280
400000,900,4084,900,0
724950,1960,4340,980,980
321000,1800,4500,1800,0
1.36E+06,4270,5800,3170,1100
171000,1520,19672,1020,500
1.36E+06,5430,108900,5430,0
323000,1950,15037,1950,0
491500,2190,125452,2190,0
226000,1200,10890,1200,0
580000,2180,4000,1380,800
640000,2320,11259,2320,0
619790,1040,5097,800,240
383962,2700,6998,2700,0
373000,1400,2445,840,560
541338,2060,8123,1010,1050
254922,780,8160,780,0
575000,2400,5000,1440,960
650000,2900,15535,1870,1030
269950,1740,9547,1740,0
270950,780,6250,780,0
495000,2430,14861,1530,900
794154,2210,8556,1210,1000
340768,1510,11200,1510,0
375000,900,5413,900,0
820000,3670,7000,3670,0
555000,1160,954,960,200
312500,1070,1200,1070,0
450000,950,4560,950,0
739000,2950,6667,2950,0
320000,1420,1716,1050,370
235000,1590,13000,1590,0
275500,1290,5000,1290,0
564000,1690,4500,1690,0
263000,1340,8700,1340,0
257000,1397,18000,1397,0
725000,3750,218506,3750,0
300000,2000,7560,1400,600
328000,2250,7904,2250,0
187500,840,8400,840,0
400000,1100,5100,1100,0
515000,1660,5100,1210,450
1.41E+06,2180,18525,1580,600
235000,1460,8400,1460,0
669000,2470,4945,2470,0
282000,1250,13503,1250,0
663000,1480,3876,860,620
279900,2240,5000,1540,700
335000,1570,7200,1570,0
689000,3250,10000,3250,0
413100,1790,231303,1250,540
506950,2080,4931,2080,0
500000,1480,1171,1480,0
540000,3610,9775,3610,0
812000,2040,4559,2040,0
1.20E+06,3850,19842,3180,670
370000,3230,35306,3230,0
338000,2440,23512,1640,800
185000,1490,6600,1490,0
450000,1150,35415,1010,140
451000,900,6000,900,0
785000,3210,24527,3210,0
850000,3900,5250,2620,1280
235000,1240,18000,1240,0
1.15E+06,1760,6788,1760,0
377500,1410,1377,1290,120
825500,2780,11964,2780,0
1.06E+06,3230,3825,2480,750
880000,4600,8764,3180,1420
413800,1440,4421,1440,0
504200,1200,1687,1200,0
421500,2793,5703,2793,0
855169,2970,5050,2970,0
380000,1440,3218,850,590
580000,1480,1026,1480,0
377000,1870,5333,1870,0
329900,2475,4000,2475,0
921800,2950,7024,2950,0
529500,1410,905,1410,0
363990,2240,3712,2240,0
834950,3230,6500,3230,0
399000,2100,31550,2100,0
338900,1936,9495,1936,0
419950,3120,6000,3120,0
493000,2070,4270,2070,0
650000,3700,4500,3700,0
456000,2130,5205,2130,0
425000,1620,997,1540,80
348000,1490,2478,1490,0
1.04E+06,4180,7232,4180,0
299000,1400,1262,1160,240
1.26E+06,3490,9170,3490,0
155000,1300,6098,1300,0
319500,2730,4962,2730,0
274000,1830,2517,1830,0
429000,2340,4500,2340,0
267800,1410,1899,1410,0
369950,1930,8254,1930,0
480000,3028,18055,3028,0
440000,3180,4869,2390,790
839704,2950,4161,2210,740
535000,1430,1276,1430,0
290000,1020,1275,1020,0
370000,1650,1793,1650,0
405000,1060,651,1060,0
499431,2620,6019,2620,0
275000,1830,3868,1830,0
320000,998,844,798,200
425000,2070,4427,2070,0
1.45E+06,2860,2199,2860,0
340000,1920,5688,1920,0
299900,1210,2046,920,290
865950,4890,12039,3590,1300
720000,3420,17038,3420,0
460000,2870,3225,2070,800
375000,1600,2042,1600,0
386180,960,1829,960,0
280000,1740,5639,1740,0
359000,2575,4725,2575,0
785000,3660,11995,3660,0
425000,1420,1230,940,480
575000,3070,7200,3070,0
465000,1920,144619,1920,0
1.85E+06,4160,10335,4160,0
720000,3276,10801,3276,0
390000,2890,5000,1310,1580
2.21E+06,3430,10177,3430,0
1.05E+06,3390,3979,2610,780
915000,2930,14980,2930,0
562000,1300,1314,1300,0
349000,1250,1208,1040,210
375000,2310,7800,2310,0
479950,1360,1336,1360,0
319000,2020,5100,2020,0
325000,1270,1067,1270,0
505657,2790,8092,2790,0
340000,2320,4142,2320,0
250000,1750,6351,1750,0
349500,2030,4596,2030,0
290750,1270,865,1080,190
715000,2710,2356,2230,480
689950,2520,8433,2520,0
425000,1340,1263,1340,0
657000,1570,1281,1570,0
359950,2690,5564,2690,0
319900,2475,4276,2475,0
532000,2260,2050,1170,1090
291000,840,863,840,0
675000,1720,1330,1030,690
885000,2940,6500,2940,0
1.45E+06,4170,9090,4170,0
780000,4310,10000,2950,1360
839950,3010,7200,3010,0
645000,2170,1984,2170,0
263000,1584,3200,1584,0
345000,1110,1290,1110,0
505000,2420,5006,2420,0
522500,1430,1210,1340,90
400000,2393,4788,2393,0
543000,1240,949,1240,0
495000,2980,12075,1910,1070
549995,2970,6587,2260,710
327555,2329,5720,2329,0
690000,3340,9075,2600,740
673000,2580,2875,2580,0
384435,2029,3906,2029,0
780000,3430,6500,3050,380
1.38E+06,3330,5042,2470,860
950968,3220,5081,3220,0
334950,1240,750,1150,90
489000,1500,1249,1240,260
600000,3530,8345,3530,0
282000,1260,915,1020,240
442000,4168,8485,3222,946
220000,1030,2850,1030,0
489000,3080,5598,3080,0
250000,1072,4339,1072,0
484259,2790,5000,2790,0
1.68E+06,4090,16972,3590,500
450000,1800,4357,1800,0
299000,830,1276,830,0
450000,2280,4557,2280,0
585000,2110,1286,1710,400
660000,1570,1680,1570,0
301500,830,1333,830,0
949950,4120,8258,4120,0
759990,2540,5760,2540,0
355000,2050,4000,2050,0
889950,3080,7242,3080,0
629800,2390,1984,2220,170
745000,3170,5100,3170,0
379900,1240,1331,1050,190
335000,1090,1139,960,130
809000,4630,6324,3210,1420
569950,3230,5899,3230,0
723000,3510,9263,3510,0
282000,1785,2552,1785,0
569900,2360,3873,1990,370
385000,2340,9716,2340,0
420000,1620,1075,1540,80
2.25E+06,3890,3452,2890,1000
1.21E+06,3590,5335,3140,450
292000,1984,4460,1984,0
645000,1640,1023,1640,0
304500,1350,942,1350,0
489500,2730,5707,2000,730
1.58E+06,5610,11063,4750,860
390000,962,1992,962,0
815000,3040,4006,2350,690
719000,2540,10578,2010,530
331210,2240,4800,2240,0
245000,1260,1270,1040,220
465000,3210,7200,2410,800
580000,1620,1171,1470,150
540000,1580,1972,1180,400
399000,1430,1250,1430,0
328000,1850,5388,1850,0
701000,3340,5314,3340,0
408000,2670,4800,2670,0
2.64E+06,4660,16200,4660,0
445000,1550,930,1060,490
672500,3470,6651,3470,0
538000,3010,7014,3010,0
450000,3931,9497,2650,1281
362500,1800,2700,1800,0
414950,1570,1551,1570,0
679950,2230,3939,2230,0
290000,2423,7292,2423,0
230000,1160,1174,790,370
439950,1440,4666,1440,0
349900,2052,3723,2052,0
550000,2780,9272,2780,0
1.05E+06,3720,5750,2960,760
655000,1460,1851,1180,280
385000,1370,1540,1100,270
729999,3600,6110,2510,1090
523950,1420,1282,1420,0
369000,980,895,670,310
509900,1790,2700,1790,0
282000,2010,5399,2010,0
387865,2370,4200,2370,0
385000,2560,6238,2560,0
536000,1900,6224,1900,0
395000,1350,1493,1050,300
545000,2650,6717,2650,0
715000,3020,7035,3020,0
348000,1500,2255,1500,0
455000,1320,1014,1320,0
575000,3120,7644,3120,0
449950,1540,1270,1540,0
364000,1800,2790,1800,0
932990,3640,6389,3640,0
710000,2440,4153,2440,0
949990,3970,7314,3970,0
326989,2060,4200,2060,0
335606,2538,4600,2538,0
1.53E+06,4270,8076,3400,870
299950,1320,3150,1320,0
962000,3340,5700,3340,0
395825,1590,1679,1590,0
419354,2710,4500,2710,0
920000,3140,7258,3140,0
366000,1445,1028,1300,145
480000,2430,5000,2430,0
388000,1370,915,1100,270
2.32E+06,5050,9520,3610,1440
730000,1860,1290,1240,620
950000,5330,6000,3570,1760
358990,1710,2171,1400,310
398651,2650,4120,2650,0
530000,2590,7891,2590,0
610360,2610,5562,2610,0
436110,1770,1235,1600,170
925000,3730,8014,3730,0
449950,2420,5244,2420,0
760000,3330,7399,3330,0
293000,1910,3481,1910,0
695000,2170,7665,2170,0
285000,2437,5136,2437,0
1.26E+06,4180,12042,4180,0
379900,1800,2791,1800,0
472000,2570,7412,2570,0
300000,2090,5195,2090,0
272000,2789,3960,2789,0
418395,2906,5893,2906,0
465000,2550,6405,2550,0
659950,3550,9400,3550,0
484950,1590,926,1590,0
359000,1950,1968,1160,790
519000,3250,4500,3250,0
1.71E+06,4590,14685,4590,0
535000,3070,7201,3070,0
622950,3030,7644,2830,200
515000,2610,5845,2610,0
330000,3150,6202,3150,0
318000,1240,983,1240,0
439000,1680,2801,1680,0
540000,2220,5279,2220,0
1.08E+06,4800,12727,4800,0
435000,3100,4699,3100,0
2.70E+06,7850,89651,7850,0
1.10E+06,3590,5625,3590,0
293467,1590,942,1590,0
328000,2242,4800,2242,0
550000,2490,3582,1720,770
649000,1530,1442,1530,0
435000,2150,3143,2150,0
625000,2440,4800,2440,0
415000,1270,1483,1270,0
400000,1450,4706,1450,0
979000,2690,4047,2690,0
625250,2755,4831,2755,0
665000,2650,3474,2230,420
589500,2310,3075,1730,580
437000,1460,1452,1140,320
320000,1400,9000,1400,0
333500,2196,7475,2196,0
430000,2020,2750,1680,340
995500,4280,8465,4280,0
427874,2340,5002,2340,0
334990,2220,4228,2220,0
909500,4420,5940,3410,1010
210000,1580,4961,1580,0
952990,3550,6558,3550,0
622500,1510,851,1420,90
515000,1360,1419,1040,320
350000,2040,13590,2040,0
310000,1120,912,1120,0
700000,4490,5099,3390,1100
907687,3560,6786,2930,630
741500,2150,5760,2150,0
395000,2130,5088,1840,290
559950,2990,6370,2990,0
215000,1847,8000,1847,0
390000,2610,7227,2610,0
425000,1670,107157,1670,0
472000,1860,415126,1860,0
1.33E+06,3440,9776,3440,0
695000,3510,9364,3510,0
545000,1740,1279,1740,0
389950,2240,5500,2240,0
380000,1550,1485,1550,0
288790,1390,745,1390,0
432500,2500,6000,2500,0
615000,2710,3326,1650,1060
500000,1720,3012,1720,0
615000,1760,1146,1760,0
500000,2270,8196,1150,1120
622000,1690,1765,1370,320
802945,4000,9234,4000,0
1.26E+06,2880,9003,2880,0
598950,1480,1531,1480,0
430000,1950,4949,1950,0
515000,2700,5150,2700,0
1.26E+06,2210,3917,1500,710
400000,2370,3692,2370,0
390000,1310,1254,850,460
450000,2410,4293,2410,0
804995,3360,5402,3360,0
825000,3040,4155,2350,690
435000,2140,6355,2140,0
398000,1720,1715,1240,480
411605,2658,3960,2658,0
315000,1480,983,1180,300
455000,1350,1209,1350,0
452950,1150,1194,1020,130
380000,1690,1468,1380,310
340000,1270,1916,1270,0
409950,2655,5080,2655,0
360000,880,1165,880,0
1.60E+06,4645,7757,3855,790
440000,1270,1443,1270,0
730000,1728,95950,1728,0
408000,1950,7221,1950,0
820000,3170,3862,3170,0
360000,1233,1244,963,270
339990,2570,4600,2570,0
515000,1560,1020,1560,0
541000,1630,1166,1020,610
375000,2510,7245,2510,0
320000,2223,5780,2223,0
325000,1230,1058,1160,70
740000,3050,7520,3050,0
450000,2710,6220,2710,0
455000,2090,4400,2090,0
292500,1440,1068,1160,280
650000,2500,51836,1510,990
530000,2740,7872,2740,0
829995,3360,6120,3360,0
395000,2280,5013,2280,0
859990,3520,5500,3520,0
342500,1320,826,1100,220
743000,3410,5838,3410,0
345000,2730,9388,1390,1340
443000,1780,2778,1530,250
260000,1427,4337,1427,0
810000,2910,6555,2910,0
570000,3250,5600,3250,0
1.56E+06,3630,8100,3630,0
840000,1680,975,1680,0
950000,2280,2296,1890,390
572800,3310,4682,2380,930
305000,1290,1112,1290,0
1.70E+06,3940,7067,3230,710
445000,2170,6000,1630,540
801000,3290,8059,3290,0
711000,2550,5376,2550,0
268500,1140,977,850,290
320000,2300,3825,2300,0
500000,2670,5001,1640,1030
631625,2440,6651,2440,0
850000,1611,2210,1611,0
600000,2710,3290,1650,1060
988500,2015,16807,2015,0
430236,3444,5166,2714,730
1.27E+06,3060,9576,3060,0
689500,2050,2772,2050,0
175003,1390,1882,1390,0
459000,1240,1249,1240,0
1.18E+06,3750,74052,3750,0
358000,1410,1442,1360,50
447055,2448,4949,2448,0
415000,2600,64626,2600,0
1.21E+06,3330,9000,2870,460
495000,1160,1010,1000,160
479000,1330,1380,1060,270
1.90E+06,2830,4334,2830,0
249900,1610,3517,1610,0
1.47E+06,2800,4000,2800,0
1.04E+06,4570,10194,4570,0
897000,2820,6120,2820,0
1.10E+06,2570,9470,2570,0
685000,1710,1193,1140,570
295000,1220,3286,1220,0
619000,1650,946,1650,0
439108,1130,1340,910,220
260000,1489,2800,1489,0
279000,2690,5557,2690,0
380000,1530,1305,1116,414
287000,1600,6315,1600,0
377000,1000,1251,930,70
649950,2440,3012,2440,0
445000,1260,1102,1260,0
605000,1660,1692,1610,50
475000,1190,1137,960,230
399000,1520,1884,1520,0
718000,3250,8100,3250,0
1.40E+06,4700,9160,2520,2180
341000,1480,1663,1180,300
818000,2380,9374,2380,0
759000,1640,1873,1640,0
547500,1650,2262,1650,0
2.70E+06,5305,8401,3745,1560
358000,1278,987,1002,276
412000,1200,813,1200,0
245000,690,1058,690,0
460940,3202,4964,3202,0
321000,1347,1292,1347,0
633634,2960,6000,2960,0
290000,740,1284,740,0
445000,1200,1137,1200,0
887250,4320,7502,3500,820
739000,2310,7348,2310,0
429900,1490,1286,1490,0
459000,1480,800,1000,480
240000,1481,2820,1481,0
566950,1730,1902,1730,0
1.04E+06,3900,8391,3900,0
343000,1130,1449,1130,0
572115,3230,4838,3230,0
918000,3920,5150,2820,1100
555000,1190,1361,1190,0
399440,2311,4396,2311,0
450000,1810,914,1380,430
648000,3290,6203,3290,0
580000,3250,5000,3250,0
415000,2544,4071,2544,0
527500,1380,1389,1380,0
384000,1430,800,1140,290
692000,3490,28213,2242,1248
455000,910,966,820,90
1.28E+06,3080,4120,2380,700
415000,2280,6031,2280,0
975000,1660,1344,1660,0
799950,3320,7429,3320,0
545000,1680,7268,1370,310
429900,2584,5005,2584,0
275000,2217,8019,2217,0
498000,2480,4136,2480,0
754950,2610,7256,2610,0
895000,3240,5562,3240,0
580000,3569,8327,3569,0
379900,3181,5831,3181,0
245000,1921,4888,1921,0
417000,1570,4926,1570,0
555000,1940,3211,1940,0
555000,1940,3211,1940,0
353000,2210,13721,2210,0
539000,1280,1187,1080,200
434900,1520,5040,1520,0
325000,1230,1078,1160,70
650000,1480,2159,1480,0
379950,2612,5850,2612,0
700000,2350,4975,2350,0
675000,1300,1590,1100,200
379000,2020,7560,2020,0
571000,2140,2867,1960,180
475000,1380,1621,1140,240
769900,2730,3047,2400,330
633000,4220,5817,2910,1310
635000,1570,1433,1570,0
1.24E+06,4670,6000,3820,850
524000,1370,1007,1330,40
485000,3273,5115,2671,602
1.03E+06,3880,13095,3700,180
650000,1494,1262,1494,0
754842,2930,5641,2930,0
428900,2598,5553,2598,0
329900,2242,4995,2242,0
1.04E+06,2830,5932,2830,0
544999,2710,6937,2710,0
449950,2320,4344,2320,0
635000,2720,7991,2720,0
599000,1650,1180,1650,0
478000,1430,1348,1160,270
388000,2090,5040,2090,0
809950,3660,4903,2760,900
1.06E+06,4220,8417,4220,0
659000,1450,1213,1110,340
971971,3460,6738,3460,0
389000,1350,874,1270,80
355000,3000,5470,3000,0
551500,2950,10003,2950,0
417838,2530,5048,2530,0
1.75E+06,4650,7660,3640,1010
399950,710,1131,710,0
740000,3050,8000,3050,0
335000,1150,683,1150,0
2.25E+06,3410,8118,3410,0
667000,1370,1921,1370,0
920000,3540,7009,3540,0
368000,1370,1350,1010,360
307000,1714,3080,1714,0
550000,3650,4534,2940,710
594491,2990,6037,2990,0
460458,3284,6516,3284,0
859000,3550,13900,1830,1720
399950,1860,2875,1710,150
547500,1720,1977,1360,360
310000,2540,4775,2540,0
939000,3270,12880,3270,0
329900,980,1021,980,0
436000,1150,1193,1020,130
320000,1820,1855,1570,250
375000,1580,3825,1580,0
392137,1460,3696,1460,0
520000,2900,4950,2900,0
535000,2620,6389,2620,0
407000,1340,999,940,400
424950,3266,5398,3266,0
290000,1076,1060,1076,0
399000,1680,1478,1360,320
439990,1930,1348,1300,630
635000,2880,3091,1940,940
635000,2240,5000,2240,0
351000,2594,4455,2594,0
437500,1210,1232,1210,0
919204,3760,5000,2860,900
923990,3600,6055,3600,0
639888,2050,2772,2050,0
675000,1510,2064,1220,290
899900,2580,3909,2580,0
252000,1670,4020,1670,0
925000,3190,10034,3190,0
552000,1280,1920,1280,0
388500,2718,6197,2718,0
548000,1370,1878,1370,0
254950,1794,4769,1794,0
1.24E+06,5120,41327,3290,1830
629000,2160,1912,1970,190
734000,2180,7204,2180,0
309000,1490,1294,1220,270
554950,2950,10254,2950,0
785000,2990,207781,2990,0
550000,2700,5150,2700,0
1.01E+06,3130,5000,3130,0
1.58E+06,3620,14250,3220,400
309000,2481,4045,2481,0
328423,1730,3600,1730,0
345000,1420,1192,1140,280
660000,3160,5175,3160,0
385000,1320,1327,1040,280
459000,1010,1107,710,300
248000,1870,4046,1870,0
1.48E+06,5220,15411,3550,1670
379000,2260,5824,2260,0
2.95E+06,4340,5722,4340,0
395000,1620,1841,1540,80
535000,2280,2289,1880,400
970000,3400,9804,2550,850
205000,830,1020,830,0
310000,2310,7384,2310,0
334500,830,1858,830,0
995000,4130,7197,4130,0
370228,2050,4000,2050,0
383000,2050,4953,2050,0
384500,1600,2610,1600,0
865000,3190,8160,3190,0
1.05E+06,3860,5474,3860,0
502000,2040,5616,2040,0
1.75E+06,3845,8400,3845,0
569995,2650,6875,2650,0
749950,3430,64441,3430,0
550000,2430,5400,2430,0
525000,2876,5086,2360,516
516000,2550,8698,2550,0
1.35E+06,4100,61419,4100,0
440000,2730,4526,2730,0
660000,1780,1729,1080,700
261950,1880,5000,1880,0
551000,3090,4943,3090,0
665000,2460,14155,1900,560
610000,2910,5260,2910,0
645000,2910,5260,2910,0
536751,1930,6360,1930,0
260000,1413,3403,1413,0
1.31E+06,4030,6300,3630,400
429900,2880,5929,2880,0
535000,2360,15100,2360,0
462550,1070,1276,1070,0
602000,1460,1367,1460,0
730000,3800,9606,3800,0
300500,1190,801,1190,0
675000,3200,6455,3200,0
415000,1970,2377,1680,290
614000,2830,5831,2830,0
385000,2630,5701,2630,0
594000,2720,4613,2720,0
860000,3160,8097,3160,0
1.10E+06,3770,8899,2940,830
775000,3500,6226,3500,0
430760,2710,4685,2710,0
755000,2170,6361,2170,0
640000,1540,958,1540,0
613500,1876,1531,1876,0
780000,3720,213073,3720,0
550000,3148,9612,3148,0
789500,3240,4852,3240,0
592000,3340,5000,2580,760
454950,2413,5701,2413,0
475000,2500,4500,2500,0
659000,1180,904,780,400
570000,2890,5801,2890,0
347500,2230,6551,1330,900
205000,1767,4500,1767,0
380000,1450,1468,1100,350
718000,2930,7663,2930,0
515805,2710,4136,2710,0
1.03E+06,3600,18645,3000,600
437718,1800,3265,1800,0
450000,2290,5515,2290,0
515000,1510,1178,1060,450
204000,1090,13444,1090,0
360000,1270,1323,1270,0
550000,1540,1005,1540,0
650880,2930,6050,2930,0
1.79E+06,4360,8504,3530,830
895900,3640,4983,2790,850
585000,2430,4747,2430,0
380000,1520,1464,1240,280
565997,2730,5820,2730,0
459000,2440,2076,1930,510
550000,1580,1303,1340,240
500000,1420,983,1420,0
461500,2820,3275,2230,590
2.15E+06,5060,10320,5060,0
790000,2650,5000,2650,0
735000,1490,1212,1040,450
588000,3060,7710,3060,0
724500,3240,4185,2770,470
749000,2820,5348,2820,0
720000,4140,7642,4140,0
250000,982,846,806,176
790000,2460,3600,2460,0
392440,2547,4800,2547,0
280000,1834,7460,1834,0
1.33E+06,3130,5126,2450,680
649000,2730,4847,2730,0
457000,1380,1329,1050,330
2.23E+06,4700,10800,3910,790
453000,2330,4284,1920,410
329780,1730,3600,1730,0
1.05E+06,2350,2390,2000,350
771005,4000,6713,4000,0
1.30E+06,3350,7752,2180,1170
607500,1530,1612,1530,0
278000,1610,1968,1610,0
475000,2620,6178,2620,0
270000,1300,1920,850,450
1.30E+06,3590,5334,3140,450
778983,2490,5647,2490,0
221000,1320,1780,880,440
338800,1800,2752,1800,0
834995,3360,5225,3360,0
550000,3220,9328,3220,0
575000,2514,1559,2024,490
649000,3130,9711,3130,0
545000,2720,4738,2720,0
625000,1390,916,1165,225
1.04E+06,4920,270236,3820,1100
611000,2134,1984,2134,0
300000,1741,5701,1741,0
577000,2560,5238,2560,0
349990,2220,3561,2220,0
650000,1910,4363,1910,0
378000,980,853,820,160
313200,1950,4197,1950,0
1.21E+06,4150,12015,4150,0
252500,1110,986,950,160
308000,1250,1150,1080,170
803100,3310,5404,3310,0
415000,2020,5501,2020,0
785000,3310,4850,3310,0
499950,2798,4473,2798,0
216000,1847,8000,1847,0
380000,2420,4981,2420,0
345000,2020,3600,2020,0
456500,2400,6811,2400,0
382495,1760,5390,1760,0
324950,2110,4178,2110,0
436472,2692,8392,2692,0
365250,1490,4522,1490,0
919990,3960,6352,3960,0
316475,1740,4642,1740,0
425000,1940,4517,1190,750
302860,970,3279,790,180
298000,1852,4000,1852,0
3.20E+06,4810,18851,4810,0
950000,5635,9695,4360,1275
333000,1520,3041,1520,0
289950,2099,4275,2099,0
419950,1250,811,1250,0
306000,1090,1183,1090,0
498445,3216,5902,3216,0
775950,2970,4400,2970,0
605000,2610,6405,2610,0
520000,1340,1368,1060,280
849990,3300,4987,3300,0
767450,1630,7599,1630,0
665000,1590,929,1060,530
525000,1310,1268,1310,0
870515,3600,5697,2940,660
390000,2154,4153,2154,0
500000,1530,825,1530,0
399950,1360,1041,1094,266
305000,1320,2480,1320,0
255000,1660,6724,1660,0
415000,2891,6499,2891,0
716500,2340,2155,2120,220
425000,2320,2267,2320,0
540000,2190,3855,2190,0
324747,2060,4742,2060,0
385000,1740,4145,1740,0
270000,1400,3825,1400,0
1.24E+06,4410,14380,4410,0
672000,1780,1647,1080,700
310000,1760,10137,1760,0
3.00E+06,4410,10756,3430,980
2.35E+06,5550,11547,4270,1280
427000,2432,9391,2432,0
389950,2283,3996,2283,0
309620,1860,3730,1860,0
399895,2701,4500,2701,0
442515,2930,4875,2930,0
375000,1540,1561,1540,0
309780,2242,4500,2242,0
425000,1950,4345,1950,0
405000,1160,1073,880,280
356250,2060,5115,2060,0
550000,1230,875,1230,0
340000,1160,1438,1160,0
362865,2245,4301,2245,0
1.36E+06,4120,12626,3970,150
830000,3400,9692,3400,0
1.60E+06,4270,7500,3210,1060
855000,2890,5911,2370,520
1.21E+06,3220,8000,2900,320
1.39E+06,4010,15365,4010,0
400200,2260,30250,2260,0
235000,1140,1730,1010,130
349950,1640,4714,1640,0
659950,3510,9400,3510,0
785000,3010,1842,3010,0
475000,1060,925,980,80
263900,1658,2700,1658,0
342000,1960,3540,1960,0
367899,2420,4725,2420,0
657044,3420,23786,3420,0
359950,893,965,893,0
879950,3020,7203,3020,0
550000,2470,5954,2470,0
279000,2009,4800,2009,0
255000,1530,1116,1530,0
609500,1590,1113,1590,0
420000,2630,3149,1670,960
570000,3230,7187,3230,0
439000,1430,2343,1430,0
310000,2242,5744,2242,0
635000,2500,4000,2500,0
399950,1230,922,1080,150
805000,3020,3600,3020,0
1.80E+06,3480,4000,2460,1020
1.21E+06,3330,7650,1830,1500
745000,3400,4840,3190,210
329445,830,1119,830,0
588000,3110,4464,3110,0
494815,1910,2091,1910,0
591975,3230,5250,2680,550
600000,3380,8179,3380,0
673000,2830,3496,2830,0
889950,3700,7055,3700,0
500000,2520,4104,2520,0
500000,1530,1396,1240,290
890000,4420,5750,3410,1010
437000,1460,1180,1460,0
419700,1450,1486,1160,290
394000,1160,3441,580,580
342000,1640,4802,1640,0
420000,1444,249126,1444,0
580000,1620,1173,1470,150
343000,1100,1228,900,200
390000,1340,1402,1120,220
274000,1450,4694,1450,0
700000,3040,7200,3040,0
838000,2560,7210,2560,0
300000,2744,9926,2744,0
467000,1420,990,1420,0
395000,700,7457,700,0
734000,4110,42755,2970,1140
480000,2670,4780,2670,0
539000,2130,1400,1080,1050
459950,3078,6371,3078,0
306500,840,892,840,0
408474,1800,2731,1800,0
437000,2580,5200,2580,0
160797,1270,2356,1270,0
729000,3065,5440,3065,0
499000,1861,1587,1578,283
359950,2260,5705,2260,0
929000,4150,7100,4150,0
529950,1500,1174,1140,360
461000,1620,998,1540,80
271115,830,1325,830,0
653000,3120,5137,3120,0
565000,1870,1058,1380,490
529950,1240,1250,1240,0
585000,2820,5612,2820,0
609000,1630,1526,1630,0
267000,1584,2800,1584,0
557000,2840,4500,2840,0
709950,3910,6293,3130,780
625000,1730,1301,1730,0
599000,1840,2060,1700,140
920000,4030,503989,4030,0
1.29E+06,3440,3800,3440,0
324500,2110,3825,2110,0
471500,2430,5866,2430,0
1.02E+06,4690,207141,4030,660
998000,3500,43560,2850,650
262000,2070,8685,2070,0
844000,3350,6350,2610,740
745641,2440,4850,2440,0
659950,3010,7357,3010,0
339989,2060,4200,2060,0
352500,1570,2399,1180,390
525000,1580,1161,1010,570
1.14E+06,4280,6530,4280,0
491000,2815,4900,2815,0
675000,2620,6114,2620,0
344000,1250,1033,1250,0
530000,3250,4500,3250,0
290500,2510,7686,2510,0
335000,1270,1685,1270,0
3.00E+06,6670,16481,4960,1710
379000,1580,3075,1580,0
385000,1360,2030,1360,0
500012,2400,9612,1230,1170
366750,1571,2017,1571,0
405000,1405,1073,1140,265
356999,1010,1546,1010,0
590000,1450,1281,1220,230
294000,1420,1361,960,460
731500,2650,4644,2650,0
837219,3030,7679,3030,0
1.60E+06,6530,871200,6530,0
798800,2670,3738,1720,950
482500,1170,809,1170,0
820000,3260,26772,3260,0
319000,1480,1722,1480,0
950000,2700,6947,2700,0
1.27E+06,4640,13404,4640,0
378000,1601,2491,1536,65
3.35E+06,5350,15360,3040,2310
489950,2540,5237,2540,0
345000,1030,1106,765,265
510000,2730,7136,2730,0
432500,3172,5033,3172,0
650000,3160,8530,3160,0
750000,2850,12429,2850,0
870000,2780,3100,2120,660
900000,3860,6543,3860,0
664950,1180,900,780,400
391000,1410,1290,1290,120
1.80E+06,6370,205603,6370,0
479349,3223,6371,3223,0
661000,2600,2074,2150,450
379000,1380,1234,1380,0
415000,1620,998,1540,80
375000,1370,1227,1370,0
355000,1220,1186,1220,0
540000,1280,1889,1280,0
290000,770,850,770,0
500000,1210,1200,1210,0
416000,2890,6322,2890,0
349900,1580,2765,1580,0
465000,1530,1245,1050,480
950000,3670,7680,3670,0
496800,1850,2340,1850,0
680000,2440,6581,2440,0
920000,2190,4265,1540,650
1.29E+06,4360,8030,4360,0
825000,3990,6637,3990,0
292000,1270,1283,1270,0
576000,3340,6924,3340,0
670000,1500,761,1500,0
953007,3120,5086,2480,640
399000,2480,4334,2480,0
399000,1110,1155,980,130
847093,2760,5670,2760,0
599950,1510,1493,1510,0
499000,1460,1614,1180,280
760000,3980,285318,3980,0
1.70E+06,3320,8234,3320,0
1.03E+06,3270,5187,3110,160
515000,2670,8765,2670,0
355000,1410,1332,1290,120
319900,2475,4000,2475,0
460000,1600,1431,1240,360
305000,1290,3383,1290,0
280000,1608,4818,1608,0
394950,1300,2104,1010,290
382000,2530,3000,1850,680
560000,1390,1411,1390,0
772000,1640,1204,1640,0
324950,2229,5723,2229,0
530000,1790,3078,1790,0
384000,990,736,880,110
719950,3240,6863,3240,0
319950,1280,819,1060,220
292000,1610,3848,1610,0
1.50E+06,3670,3959,2410,1260
425000,1150,1027,1150,0
799950,3760,4702,2780,980
499000,1320,1157,990,330
572000,2700,7992,2700,0
459000,1480,804,1480,0
529500,1410,905,1410,0
374500,3135,5811,3135,0
584000,1480,1485,1280,200
1.90E+06,4020,9656,4020,0
505000,1060,1209,940,120
565000,1950,2457,1950,0
799000,3340,5677,3340,0
547000,1570,1452,1240,330
550000,1930,6604,1930,0
250000,1590,8100,1060,530
960000,3720,7746,3720,0
2.95E+06,4470,5884,3230,1240
441000,1290,1289,1030,260
265000,1489,2800,1489,0
430000,2075,39553,2075,0
286800,1413,3600,1413,0
375000,1300,1362,880,420
312500,1480,983,1180,300
850000,3320,5559,3320,0
390500,1530,1279,1116,414
455000,1180,932,1180,0
455000,1190,1303,800,390
515000,1300,1180,1300,0
362500,1710,2212,1400,310
460000,2390,47480,2390,0
540000,3510,6005,2750,760
230000,1140,1165,1140,0
425000,1320,1329,1180,140
298450,2100,9752,1200,900
344000,2400,4848,2400,0
416286,1408,989,1408,0
379500,2560,5102,2560,0
350000,1260,1347,1260,0
258800,1290,1624,1290,0
620000,2730,9260,2730,0
295000,1630,1368,1280,350
908990,3530,6844,3530,0
485230,2714,12558,2714,0
475000,1630,2520,1630,0
1.24E+06,5790,13726,4430,1360
635000,2230,1407,1850,380
350000,1380,1590,1160,220
345000,1320,1161,1320,0
700000,1490,713,1490,0
490000,1280,1520,1080,200
1.30E+06,3870,5929,3870,0
579000,1280,1051,1080,200
552500,1300,1435,1120,180
467000,2170,5024,2170,0
305000,1763,3717,1763,0
212000,1020,1525,1020,0
429000,1840,4593,1840,0
479950,1820,1358,1820,0
825000,2670,3000,1870,800
1.18E+06,6260,10955,4840,1420
250000,1400,3814,1400,0
289000,1160,2158,1160,0
265000,1400,3368,1400,0
344000,1232,1130,1232,0
749000,2700,6000,2100,600
492000,2550,6382,2550,0
552500,3260,6902,3260,0
653500,1680,1240,1120,560
855000,2630,2550,2030,600
333000,1260,5758,1260,0
415000,2550,4500,2550,0
445000,3450,5000,3450,0
273500,1550,3402,1550,0
969990,4150,8436,4150,0
1.20E+06,3900,4400,2650,1250
430000,1550,1444,1550,0
392000,2130,4000,2130,0
795000,2890,7798,2890,0
457000,1220,1330,1010,210
453000,2502,8306,2502,0
376000,1340,1384,1340,0
469995,2350,3800,2350,0
540000,1810,3930,1810,0
555000,3310,6500,3310,0
445000,1620,5101,590,1030
256950,1070,635,720,350
297000,2230,4952,2230,0
320000,1970,4558,1970,0
805000,4600,7810,3200,1400
799990,3110,6050,3110,0
680000,3490,3677,2850,640
395000,1600,1936,1600,0
732000,1960,3060,1960,0
163800,1000,1092,990,10
220000,1000,1092,990,10
308625,1500,1408,1500,0
375000,2424,5931,2424,0
300000,2303,3826,2303,0
284000,1880,6008,1880,0
610000,1210,740,780,430
955000,3720,6765,3720,0
982000,3610,8580,3610,0
359000,1360,885,1360,0
779380,2590,7084,2590,0
1.51E+06,4390,11250,4390,0
635000,2290,1407,1890,400
1.06E+06,3880,9979,3880,0
389500,1350,874,1270,80
359800,2170,2752,2170,0
399950,1296,1051,1296,0
320000,1530,1602,1140,390
255900,1489,3266,1489,0
380000,2130,4467,2130,0
580000,1430,1521,1130,300
545000,2380,7268,1430,950
451300,1420,814,1140,280
852880,3450,6184,3450,0
305000,1914,3150,1914,0
295000,988,1080,988,0
261000,1584,2800,1584,0
560000,2630,5710,2630,0
795000,3520,5250,3520,0
384950,2380,4913,2380,0
500000,1410,1197,1410,0
640000,3220,5741,3220,0
418000,3266,5969,3266,0
799000,2550,4794,2550,0
552900,3828,18900,3828,0
539950,1670,1596,1670,0
524225,3056,11385,3056,0
424950,1000,1188,1000,0
560000,1530,1786,1200,330
715000,3490,6091,3490,0
300000,2760,6000,2760,0
405000,1440,2163,1440,0
327000,1370,1001,1370,0
859950,3180,6551,3180,0
560000,2720,7570,2720,0
379900,1800,2792,1800,0
625000,3220,6409,3220,0
398096,2370,5321,2370,0
315000,1410,1325,1180,230
939000,3640,6049,3640,0
674000,1920,3624,1920,0
306000,2267,3577,2267,0
2.32E+06,5780,17004,4260,1520
394950,1131,1304,1131,0
914154,2940,6431,2940,0
496000,2180,4533,2180,0
430100,1400,1078,940,460
449990,2680,5539,2680,0
502000,2680,5539,2680,0
310000,1300,3612,1300,0
349950,2796,3520,2796,0
625000,1460,1500,1000,460
1.05E+06,4210,6481,3260,950
680000,2330,3920,2330,0
828950,3930,5680,2820,1110
274950,1608,4000,1608,0
293000,1610,1968,1610,0
795000,3200,3250,2670,530
282900,1710,3500,1710,0
909950,3050,8972,3050,0
922755,3560,4951,3560,0
424000,2650,8685,2650,0
630000,3490,12410,2590,900
810000,4140,46173,4140,0
256703,1670,4441,1670,0
386380,1720,3600,1720,0
485000,1510,3961,1510,0
275000,1450,4040,1450,0
370000,1812,5026,1812,0
499950,1060,1208,940,120
502000,1600,3073,1600,0
654000,1530,1565,1280,250
575000,2070,1230,1500,570
500000,3630,7482,3630,0
554000,2140,4126,1960,180
360000,2010,12188,1150,860
619990,2630,4501,2630,0
317500,2233,6025,2233,0
564950,2990,4521,2990,0
545000,1240,2150,1240,0
333700,2230,5050,2230,0
1.48E+06,3700,2264,2280,1420
530000,2290,5105,2290,0
396000,950,865,950,0
305000,1120,758,1120,0
380000,2420,4670,2420,0
305000,1714,3250,1714,0
440000,2230,5650,2230,0
459000,2530,10000,2530,0
530000,1550,1233,1160,390
600000,3110,11225,3110,0
515000,2100,2409,1660,440
275000,2150,3721,2150,0
540000,1630,1404,1020,610
445000,2230,7934,2230,0
285000,1320,955,1320,0
480000,1590,1431,1060,530
440000,2610,3642,2080,530
287450,1440,2500,1440,0
507950,2630,6283,2630,0
750000,3390,10078,3040,350
425000,1400,1022,1400,0
420000,1900,2133,1520,380
394950,1350,1250,1270,80
635000,3420,6752,3030,390
513000,2150,161607,1330,820
380000,2110,5306,2110,0
1.13E+06,3810,8519,2680,1130
540000,2870,4369,2090,780
352499,1240,705,1150,90
603000,3610,6345,2370,1240
685000,2310,5100,2310,0
330675,1930,3031,1200,730
275000,1390,1080,1140,250
259950,1578,7340,1578,0
441000,1720,15000,1720,0
1.14E+06,4700,11237,2930,1770
590000,1970,5079,1680,290
497000,1460,1353,1050,410
345500,1930,4000,1930,0
562500,1300,907,1000,300
355000,1445,1087,1300,145
345000,860,696,860,0
478000,3040,4535,3040,0
391500,2424,6143,2424,0
265000,1084,3427,1084,0
395000,2510,5320,2510,0
286308,1220,1036,1220,0
370000,1280,835,1080,200
1.08E+06,3740,5610,2860,880
298900,1852,4000,1852,0
775000,2580,5787,2580,0
790000,3190,31450,3190,0
1.05E+06,3400,5119,2300,1100
249000,1090,2686,1090,0
348000,2360,6145,2360,0
358000,2460,5604,2460,0
260000,2025,7760,2025,0
765000,4410,5104,3400,1010
739000,2810,5400,2810,0
890000,4490,6000,3200,1290
462000,3070,6432,3070,0
380000,1984,32400,1564,420
770000,4750,8234,3350,1400
641000,2760,4104,1900,860
2.30E+06,4360,8175,3940,420
369000,3060,27251,3060,0
1.11E+06,2770,2650,2180,590
357000,2990,9240,2990,0
650000,1540,1251,1230,310
563500,1400,1312,1400,0
345000,1680,2229,1680,0
479950,2260,7163,2260,0
660000,3400,5196,3400,0
800000,2930,5000,2760,170
253101,1239,6036,1239,0
555000,2100,2479,1450,650
240000,1200,2171,1200,0
380000,1200,2171,1200,0
239000,680,772,680,0
760000,2690,3995,2060,630
430000,2750,7200,2750,0
660000,2450,4332,2450,0
399963,2620,4050,2620,0
411000,1130,1148,800,330
483453,2790,5527,2790,0
469950,1820,1357,1820,0
504058,2910,7467,2910,0
425996,2568,5000,2568,0
760005,3090,5859,3090,0
699999,1460,1085,950,510
749950,2010,2263,1340,670
674600,2610,5140,2610,0
450000,960,1000,920,40
272000,1528,7616,1528,0
450000,1310,1264,1120,190
643950,1760,2122,1760,0
290000,1420,3542,1310,110
378000,1650,2082,1650,0
728050,2320,6775,2320,0
499160,2628,11466,2628,0
536000,2520,4831,2520,0
419900,2880,5000,2260,620
469000,1440,1362,1440,0
374000,2185,6042,2185,0
182568,1500,2106,1500,0
334888,1769,7324,1769,0
799900,3650,18223,3330,320
383000,2160,6223,2160,0
580000,1820,374616,1820,0
351999,2370,4200,2370,0
1.33E+06,3180,2758,2240,940
312000,1780,4077,1780,0
674950,2650,3127,2230,420
1.11E+06,3300,7560,3300,0
415000,1160,1219,1160,0
1.25E+06,3460,5353,2850,610
208800,1390,2450,1390,0
452000,1260,1131,1260,0
837000,2940,5225,2760,180
780000,3190,4247,2430,760
1.49E+06,3930,6120,3310,620
1.60E+06,3570,10125,3570,0
369946,2420,4725,2420,0
530000,3400,7200,2470,930
386000,2478,6079,2478,0
1.90E+06,3070,7830,1970,1100
735000,3200,7605,2500,700
1.75E+06,5790,12739,4430,1360
489950,1590,926,1590,0
357500,1730,1442,1440,290
329995,2303,3680,2303,0
414000,1790,3754,1790,0
533500,2490,3517,1720,770
402395,2669,5385,2669,0
725000,2610,2552,2160,450
1.28E+06,6160,27490,4040,2120
239800,1290,1493,1290,0
616950,3560,5008,2810,750
1.26E+06,4360,6000,3400,960
435000,1230,1238,1080,150
925000,3640,60086,3640,0
631500,1780,2493,1780,0
399995,1140,1069,1140,0
369950,1270,1320,1270,0
475000,2780,3583,2180,600
353000,1912,5000,1912,0
329950,2300,9690,2300,0
367000,2828,4050,2828,0
447500,2425,9017,2425,0
595000,3730,4560,2760,970
325000,730,1942,730,0
690000,1990,1756,1780,210
329950,1300,812,880,420
399500,2560,7492,2560,0
555000,2450,5047,2450,0
427000,1440,725,1100,340
375000,1140,1557,1140,0
499000,1110,957,930,180
750000,2620,43832,2620,0
336900,1690,1200,1410,280
555000,1950,1610,1950,0
1.28E+06,3530,8126,3530,0
999950,3310,4684,2290,1020
975000,2620,5477,2620,0
299000,1350,3582,1350,0
479000,1741,1439,1446,295
428000,1650,2201,1650,0
409000,1890,6500,1890,0
798500,1950,1833,1610,340
689000,4490,5805,3390,1100
375000,3206,5793,3206,0
775000,4130,77832,4130,0
639983,2800,5700,2800,0
300000,1984,4419,1984,0
627000,2750,11830,2750,0
275000,1740,5757,1740,0
352800,1800,2752,1800,0
565000,1540,1005,1540,0
765000,2030,2222,1610,420
644000,3310,4839,3310,0
461000,1270,1416,1270,0
270500,2406,7093,2406,0
640000,1540,965,1540,0
457000,2820,6983,2820,0
355000,2540,5100,2540,0
356000,1230,989,1230,0
425000,1900,2766,1900,0
562500,2920,6327,2920,0
460000,1450,1053,940,510
790000,5370,69848,3500,1870
401000,1270,1333,1270,0
1.10E+06,2550,5100,2550,0
850000,3070,7150,3070,0
274500,1450,4050,1450,0
1.94E+06,4230,16526,4230,0
808000,3480,6262,3480,0
312000,1490,974,1220,270
320000,1200,1400,1200,0
410000,2150,4332,2150,0
725000,3690,8837,3690,0
335000,1900,3301,1900,0
519990,1690,1321,1320,370
533112,2790,8853,2790,0
274900,1936,6612,1936,0
325000,1150,711,1150,0
350000,2040,22653,2040,0
550000,2470,7539,2470,0
311850,1890,4158,1890,0
526000,1626,1583,1419,207
375000,2250,5306,2250,0
299999,1350,1234,1160,190
436000,1460,1238,1200,260
303000,2056,3564,2056,0
525000,1160,1458,1040,120
575000,1384,1287,1144,240
420000,1100,1107,1100,0
329950,2456,7566,2456,0
1.83E+06,4500,215186,2630,1870
1.18E+06,3780,10099,2240,1540
499950,1320,1157,990,330
1.15E+06,5940,11533,4950,990
400000,1650,5027,1650,0
246950,1670,4440,1670,0
630000,1610,1275,1220,390
561000,3370,10315,3370,0
287000,2660,4082,2660,0
600000,1690,1473,1380,310
490000,1620,1062,1620,0
330000,1300,958,840,460
286950,1610,4052,1610,0
1.55E+06,3530,4920,2660,870
880000,3550,8618,3550,0
577450,1730,1755,1730,0
405000,2400,4900,2400,0
510000,1420,1237,1420,0
465000,1220,1120,1110,110
1.30E+06,2360,4000,2360,0
609000,3990,11270,2930,1060
336000,1260,1211,1260,0
375000,1580,2407,1580,0
294500,1760,2688,1760,0
925000,3420,4216,2520,900
730000,2870,6593,2870,0
280000,1934,5677,1934,0
500000,1220,962,1220,0
605000,2450,5750,2450,0
379950,1860,1787,1860,0
605000,1500,1119,1110,390
720000,1570,1108,1570,0
549900,1280,960,1040,240
427000,3192,5653,3192,0
492000,1690,1479,1420,270
419190,1590,1426,1590,0
650000,2870,7288,2870,0
379950,2580,4818,2580,0
269800,1830,3420,1830,0
407000,2927,6000,2927,0
580000,1320,1250,1320,0
389700,1720,3581,1720,0
110000,828,4524,828,0
230000,1040,1264,900,140
533380,2790,6685,2790,0
295500,1410,1332,960,450
860000,4040,8400,3220,820
812000,3370,3634,2750,620
324500,1660,3990,1660,0
193000,910,2550,910,0
355000,1280,959,1280,0
525000,2360,4924,2360,0
370950,2529,9653,2529,0
1.24E+06,4700,10183,2660,2040
950000,2780,275033,2780,0
888990,3540,5500,3540,0
705000,1580,1321,1080,500
268000,1700,2250,1700,0
305450,1600,3573,1600,0
399900,1410,1005,900,510
495000,1580,1228,1580,0
857326,3940,11632,3940,0
845950,4450,9600,3650,800
303210,2009,5000,2009,0
343000,2732,7655,2732,0
300000,2090,4590,2090,0
334900,980,1013,980,0
477500,2815,5619,2815,0
820000,3170,8523,3170,0
580000,3030,7410,2150,880
350000,1280,940,1060,220
910000,2030,1160,1970,60
414000,2490,4540,2490,0
525000,3030,4500,3030,0
650000,1470,690,1470,0
450000,1620,997,1540,80
1.27E+06,5520,8313,3570,1950
699000,3200,10344,3200,0
899000,2580,3943,2580,0
353500,2050,4000,2050,0
485000,2430,5867,2430,0
782900,3060,3898,2300,760
529000,1540,9714,1540,0
514700,1310,1072,1060,250
409316,1800,3168,1800,0
388598,2370,4200,2370,0
415000,1445,1512,1300,145
521500,1450,1619,1140,310
580000,1740,1236,1740,0
882566,3560,5265,3560,0
525000,2130,1400,1080,1050
515000,2980,4502,2980,0
589410,2840,7201,2840,0
757500,3420,6845,3420,0
284000,1660,4083,1660,0
338500,1150,711,1150,0
379500,1410,1287,1290,120
550000,1420,1369,1340,80
294900,1860,5025,1860,0
345000,1340,1210,1120,220
450000,1530,1012,1200,330
420000,1509,1114,1509,0
740000,2350,3798,2350,0
286000,1010,825,1010,0
870000,4495,10079,3580,915
727000,1580,991,1580,0
395000,2750,7965,2750,0
535000,1890,3615,1890,0
255000,1320,963,1040,280
260000,2150,3721,2150,0
810000,3340,8384,3340,0
359782,1850,3400,1850,0
500000,1950,2162,1500,450
1.05E+06,4240,9588,4240,0
810000,2700,2868,1920,780
605000,3040,6000,2280,760
730000,2460,7930,2460,0
327000,2110,3825,2110,0
370000,780,1133,780,0
459000,2640,6895,2640,0
2.90E+06,5190,14600,5190,0
365000,2420,8404,2420,0
255000,1987,6000,1987,0
375000,720,3166,720,0
375000,1130,912,1000,130
518380,2810,4500,2810,0
346000,1500,1442,1150,350
302059,1390,745,1390,0
575000,2500,4945,2500,0
549950,3906,9674,3906,0
900000,7120,40806,5480,1640
397500,1470,1256,930,540
1.08E+06,3230,7560,3230,0
775900,2700,5764,2700,0
510000,4073,17334,4073,0
471275,3361,5038,3361,0
288000,1610,3560,1610,0
989990,3830,7150,3830,0
300000,1470,1235,1180,290
664950,3190,7081,1890,1300
699188,3250,5478,3250,0
390000,1490,4539,1490,0
670000,2900,5155,2900,0
487000,2540,5001,2540,0
769995,3360,12080,3360,0
321950,860,1277,860,0
613500,3020,6068,3020,0
300000,1330,1200,1330,0
400950,2578,4554,2578,0
389517,2640,4725,2640,0
255000,1260,1133,810,450
1.08E+06,1990,1891,1990,0
637850,3340,4900,2500,840
636230,2840,6284,2840,0
375000,1530,1131,1530,0
586500,1780,1487,1600,180
544000,2340,6973,1930,410
425000,2390,5021,2390,0
374950,2090,3777,2090,0
294570,1140,8400,1140,0
300000,1960,1477,1670,290
395950,2738,6031,2738,0
800000,3691,11088,3691,0
439990,2340,5171,2340,0
680000,2510,3763,1990,520
677790,2800,4213,2800,0
424950,1650,4777,1650,0
223990,1061,2884,1061,0
498000,3402,14355,2846,556
359950,2542,6120,2542,0
720000,3150,151588,3150,0
530000,3010,9000,3010,0
295000,1660,4898,1660,0
255500,1770,5000,1770,0
556000,1960,1168,1600,360
277950,1889,6000,1889,0
431000,3040,6000,3040,0
780000,3420,6787,3420,0
649000,1720,936,1030,690
447000,1740,3043,1740,0
712198,2450,4247,2450,0
277140,1190,785,920,270
363000,3753,7204,3336,417
598992,3440,6037,3440,0
585000,2160,1250,1830,330
1.27E+06,3820,8850,3820,0
380950,1120,1039,840,280
333490,2250,3916,2250,0
520000,1540,1487,1540,0
315000,1240,705,1150,90
487000,1160,1118,1020,140
424950,2760,3865,2760,0
542300,1580,1487,1580,0
320000,1480,1192,1180,300
1.14E+06,3740,11467,3740,0
425000,1950,5000,1950,0
474950,1530,1568,1530,0
307635,1820,4200,1820,0
834538,2760,6187,2760,0
769995,3010,5398,3010,0
820875,3860,9387,3860,0
595500,2490,6537,2490,0
450000,3236,9608,3236,0
695000,2830,14538,2830,0
300000,1451,7159,1451,0
515000,2910,5027,2040,870
545000,1280,1845,1280,0
365000,1110,979,960,150
718500,2840,8800,2840,0
279800,1410,2052,1410,0
486940,3250,13360,3250,0
525000,3030,6625,3030,0
345000,1983,6002,1983,0
613000,2440,2812,1710,730
370000,2313,5700,2313,0
449500,1260,2556,1260,0
515000,2000,3837,2000,0
346100,1150,698,1150,0
398500,2820,6666,2820,0
310000,1160,2500,1160,0
250000,1481,2820,1481,0
1.88E+06,4390,6220,3170,1220
695000,1570,1207,1570,0
1.09E+06,3410,6541,2680,730
864327,3480,6507,3480,0
749995,3430,9870,3430,0
525000,2880,8364,2880,0
659950,2990,9413,2990,0
1.80E+06,4490,10279,3930,560
950000,4100,8120,4100,0
1.40E+06,3870,10046,3870,0
265050,800,2119,800,0
450000,1620,1057,1540,80
915000,2910,4356,2910,0
963000,3530,8589,3530,0
270000,2701,5821,2701,0
294000,1380,889,1140,240
700000,2050,4185,2050,0
1.07E+06,3370,8252,3370,0
494900,2040,2500,1470,570
415000,1610,3600,1610,0
459990,2680,5539,2680,0
882990,3560,6562,3560,0
620000,3880,8244,3060,820
375900,1824,7120,1824,0
654000,2220,2873,2010,210
1.84E+06,4140,11007,4140,0
215000,1322,6006,1322,0
630500,1909,1300,1766,143
855000,3460,7702,3460,0
235245,1954,5075,1954,0
770000,3000,7912,1610,1390
734990,2650,6884,2650,0
880000,2580,3436,2580,0
525000,2650,4924,2650,0
775000,3390,3960,3390,0
687015,1470,873,1470,0
663000,1910,5125,1910,0
815000,3030,7187,3030,0
1.05E+06,2930,25020,2930,0
433190,1650,2787,1650,0
725000,2870,5118,2870,0
279950,1608,4800,1608,0
272167,1620,3795,1620,0
468500,1350,1186,1120,230
298000,1950,3600,1950,0
303500,3390,7200,2440,950
308000,1300,1237,1060,240
646800,2230,1407,1850,380
530200,1880,3853,1880,0
405000,3370,5092,3370,0
529000,1320,1395,990,330
675900,2920,9096,2920,0
570000,1550,1280,1220,330
375500,2301,6452,2301,0
445000,1710,1960,1360,350
1.10E+06,2890,4164,2240,650
477000,2100,5060,2100,0
450000,2240,3360,2100,140
427005,1460,1200,1460,0
720000,1370,1990,1370,0
2.23E+06,3760,5634,2830,930
450800,2510,5311,2510,0
461100,1210,1267,1120,90
1.06E+06,2990,6695,2990,0
590000,1710,2875,1710,0
478830,3274,4950,3274,0
760000,3300,8365,3300,0
1.03E+06,4370,10860,4370,0
385000,2050,5276,2050,0
500000,1310,1500,1160,150
425000,1680,8000,1680,0
552100,1330,1379,1120,210
785000,1950,1983,1610,340
615000,3090,7069,3090,0
309000,1950,3825,1950,0
369500,1108,1128,1108,0
391000,2190,3850,2190,0
465000,1590,1322,1060,530
879950,3010,7215,3010,0
372000,1330,1042,1060,270
259000,1550,3569,1550,0
374000,1260,1575,1260,0
561000,2550,5395,2550,0
610000,1300,1331,1300,0
635000,2230,1407,1850,380
235000,1170,1456,1070,100
623300,4170,4524,3500,670
412500,1680,5246,1680,0
380000,2864,8035,2864,0
497000,1630,3817,1630,0
452000,2716,7850,2716,0
312000,1750,4076,1750,0
469950,3223,6371,3223,0
775000,2600,4284,2600,0
679990,3320,8653,3320,0
288790,1350,942,1350,0
800000,3410,4726,3410,0
299000,1572,4000,1572,0
332000,2300,4482,2300,0
525000,1030,5923,1030,0
620000,1458,858,950,508
452000,2190,6896,2190,0
630000,3640,5096,2740,900
485000,2790,7803,2790,0
349950,2632,4117,2632,0
499990,2910,6334,2910,0
510000,1470,1101,1340,130
1.08E+06,2240,21477,2240,0
494000,2310,4729,2310,0
429900,2370,5353,2370,0
505000,2980,9825,1910,1070
272000,1870,6551,1870,0
671500,1770,1714,1770,0
729950,3510,10010,3510,0
471835,3281,5354,3281,0
249950,1670,4438,1670,0
424950,2760,3846,2760,0
1.24E+06,5430,10327,4010,1420
440000,2990,7928,2990,0
495000,3170,3858,2530,640
870000,3520,6773,2650,870
559000,1650,960,1350,300
495000,2656,21195,2656,0
722000,2230,4850,2230,0
567500,2280,2502,1880,400
440000,2798,5085,2798,0
400000,2398,5988,2398,0
459995,2350,3760,2350,0
365000,2410,5003,1410,1000
389950,1580,920,1580,0
320000,1450,1387,1180,270
415500,1750,4779,1750,0
775000,3020,4120,2360,660
590000,1740,1100,1740,0
950000,2200,2043,1760,440
378950,1867,15314,1867,0
441750,1020,1060,1020,0
335900,2475,4000,2475,0
229800,1110,1773,1110,0
645000,1900,1258,1700,200
448000,1560,1345,1260,300
706000,2510,5436,2510,0
988990,4150,6303,4150,0
716000,1660,1849,1660,0
319000,1090,847,1090,0
300000,1914,3272,1914,0
625000,2730,54014,1560,1170
773000,2470,3600,2470,0
392000,2340,5670,2340,0
549995,2660,5690,1920,740
480000,2410,4656,2410,0
355000,1430,4777,1430,0
208400,1570,1268,1570,0
831548,3010,4919,3010,0
279500,1613,4338,1613,0
445000,2380,5269,2380,0
492500,2570,9962,2570,0
435000,2550,5200,2550,0
325000,1330,969,1330,0
453000,1160,1269,970,190
612995,3240,6919,2760,480
540000,2710,9248,2710,0
465000,1150,18200,1150,0
799950,1860,1386,1860,0
495000,1280,1517,1080,200
579950,1810,1585,1810,0
331000,1240,720,1150,90
580000,1460,951,1460,0
669000,1640,1953,1640,0
2.35E+06,5010,19412,4000,1010
539900,1300,1325,1080,220
490000,2510,4349,2510,0
627000,2710,3475,1650,1060
458000,3217,4000,2587,630
440000,1650,4929,1520,130
1.70E+06,3950,6240,3950,0
935000,1680,977,1680,0
641000,3420,6403,2700,720
452000,2300,5090,1700,600
625000,3010,6854,2570,440
1.35E+06,4680,12495,3040,1640
834950,3630,4911,2790,840
1.50E+06,3530,3610,2370,1160
305000,2280,3800,2280,0
659000,3090,384634,3090,0
353000,550,1279,550,0
535000,2840,4000,2330,510
999000,3130,10849,3130,0
375000,1440,1102,1440,0
685000,2840,4637,2840,0
333000,2623,7184,2623,0
245000,390,2000,390,0
2.00E+06,5640,35006,4900,740
329950,1260,1032,1170,90
403000,894,1552,894,0
559630,3370,4934,3370,0
344000,1250,871,1250,0
435000,1180,1231,1180,0
430000,1520,1588,1240,280
417000,2000,4500,2000,0
895950,3180,9255,3180,0
563950,3050,4750,3050,0
332220,2580,47480,1360,1220
1.49E+06,6880,279968,4070,2810
680000,2570,3600,2570,0
825750,2950,3737,2270,680
338000,1690,1760,1410,280
535365,2790,6969,2790,0
608000,1720,5234,1240,480
930000,2890,5000,2890,0
565000,1130,276170,1130,0
495000,1460,1623,1260,200
667000,2510,3819,2510,0
495000,3390,7870,3390,0
928990,3570,6054,3570,0
345000,2280,5000,2280,0
1.07E+06,2920,3000,2260,660
519995,2590,6160,2590,0
924000,3210,8001,3210,0
295000,1230,3405,1230,0
472000,3800,104979,3210,590
405000,1500,2314,1500,0
410000,2510,4090,1840,670
419500,1400,1091,1400,0
382000,1450,4667,1450,0
370000,1390,1821,1180,210
553000,3160,9072,3160,0
2.07E+06,4350,7965,4350,0
455950,2720,5771,2720,0
331000,1290,1153,1290,0
417250,1606,1452,1606,0
490000,4460,2975,3280,1180
325000,2800,5291,2800,0
705000,3250,4800,2410,840
1.17E+06,4310,7760,3260,1050
365000,1310,915,1060,250
403000,1240,1101,1080,160
409000,1950,7263,1950,0
391000,1800,1120,1800,0
542525,2650,5600,2650,0
339950,820,681,820,0
499990,2620,7001,2620,0
1.77E+06,3980,10249,3980,0
608000,1660,2298,1260,400
392000,2130,4028,2130,0
320000,1790,66250,1790,0
274800,1410,1988,1410,0
325000,1330,1198,1080,250
418500,2190,4866,2190,0
300000,2540,5050,2540,0
269950,2244,4079,2244,0
358000,2026,7611,2026,0
350000,1730,4086,1730,0
782000,3910,8095,3130,780
779000,1580,1487,1580,0
685000,2510,3479,2510,0
305000,1000,905,1000,0
350000,1660,2500,1660,0
775000,3060,4573,2410,650
317750,1980,4500,1980,0
438000,980,1179,980,0
325000,1050,1609,1050,0
830000,3080,4287,2230,850
353000,1900,3800,1900,0
460000,2200,6400,2200,0
370000,1360,1167,1360,0
330000,2238,7209,2238,0
569888,2590,6474,2590,0
353900,2517,3900,2517,0
695000,3510,9084,3510,0
288790,1290,1237,1060,230
334950,2230,8642,1330,900
869950,3140,7928,3140,0
557500,3350,5025,2670,680
389990,2245,4330,2245,0
455000,1420,1189,1420,0
598500,1560,2091,1560,0
750000,2810,5497,2810,0
729999,1630,1686,1330,300
299950,1740,4497,1740,0
374950,1390,1484,1390,0
386950,1070,1089,900,170
535000,2850,4551,2370,480
890000,4100,7578,4100,0
1.05E+06,3260,5974,2820,440
1.11E+06,3660,4760,2840,820
436952,2708,4772,2708,0
365000,1800,2700,1800,0
288000,1150,887,1150,0
700000,2230,4006,2230,0
800000,3540,159430,3540,0
899000,2490,5500,1780,710
465750,2670,4534,2670,0
485000,1430,923,1410,20
494995,2670,3800,2670,0
255000,2555,5720,2555,0
530000,1970,6295,1970,0
435000,1980,2674,1980,0
639000,2010,3300,1610,400
440000,1270,1413,1270,0
914500,3950,10856,3950,0
580000,1870,5300,1870,0
250000,1180,1688,1070,110
410000,1420,1269,1420,0
531155,2810,5046,2810,0
358000,1400,1529,1400,0
425000,1950,5689,1950,0
326000,1930,3462,1930,0
650000,2210,4861,2210,0
749950,2630,3757,2200,430
239950,1600,4888,1600,0
315000,1480,1590,1150,330
375000,750,1430,750,0
375000,1290,1213,1290,0
349000,1340,1151,1340,0
450000,1020,1049,1020,0
669950,2330,1944,1950,380
504600,2360,5000,1390,970
400000,1495,936,1405,90
1.02E+06,3770,8501,3770,0
518000,2890,13104,2890,0
535000,1320,1125,1320,0
337500,2330,4907,2330,0
380000,3120,5001,3120,0
875000,2960,15152,2960,0
385000,1630,1598,1630,0
1.99E+06,5230,8960,4450,780
649500,3150,6599,3150,0
1.05E+06,3280,11000,2320,960
249000,1030,24750,1030,0
525000,3130,5795,3130,0
402000,1240,1666,1000,240
1.75E+06,3560,8975,3560,0
359800,2170,2752,2170,0
330000,1520,3003,1520,0
433000,1270,1062,1060,210
1.01E+06,3610,4000,2640,970
599832,3230,5200,2680,550
312891,2300,8214,2300,0
449000,1460,1296,1160,300
495000,1750,1548,1750,0
819995,3030,10335,3030,0
407500,1522,1465,1248,274
850000,3890,22000,3890,0
1.72E+06,4590,35046,4590,0
1.46E+06,4620,130208,4620,0
579000,3220,9825,3220,0
890776,3170,8093,3170,0
352500,980,1010,980,0
529000,2340,7724,2340,0
484000,1620,1425,1540,80
400000,1910,4408,1910,0
649950,2420,6847,2420,0
915000,3850,62726,3120,730
534950,3220,10572,3220,0
776000,3040,6425,3040,0
370000,1496,1423,1248,248
610000,1630,1500,1630,0
850000,4200,5400,3140,1060
443000,2430,7049,2430,0
1.15E+06,4010,8252,4010,0
453000,1510,1618,1330,180
735000,2340,2810,1730,610
810000,2700,8572,2700,0
1.56E+06,4360,6240,2960,1400
2.24E+06,7270,130017,6420,850
377500,1350,886,1270,80
482000,1380,1120,1380,0
600000,1830,1988,1530,300
420000,1470,1571,1180,290
480000,2940,9172,2940,0
406000,1110,1095,980,130
505000,2790,5602,2790,0
1.87E+06,3790,8797,3290,500
942990,3570,6218,3570,0
440000,1230,1097,1230,0
390000,1370,913,1100,270
475000,1380,1121,1380,0
420000,1070,675,880,190
1.41E+06,4920,50621,4280,640
1.38E+06,5150,12230,3700,1450
462500,2390,4000,2390,0
579950,2460,8643,2460,0
861111,3650,7090,3650,0
1.45E+06,4300,108865,4300,0
290000,1610,3764,1610,0
535000,2610,4595,2610,0
585000,1750,1381,1750,0
670000,3310,5300,2440,870
3.00E+06,5090,14823,4180,910
346000,1060,1184,730,330
1.33E+06,4420,16526,4420,0
999999,2100,4097,2100,0
599000,1650,1180,1650,0
332000,2380,5737,2380,0
336750,1170,1011,1170,0
370000,2531,6843,2531,0
324000,998,904,798,200
338500,1333,1470,1333,0
1.88E+06,4410,13000,2920,1490
402723,1160,1073,880,280
715000,2630,7770,2630,0
459000,1160,1031,1160,0
589999,2140,3628,1960,180
405000,1980,5020,1980,0
509900,3030,9053,3030,0
327000,1490,1627,1190,300
1.06E+06,2370,184231,2370,0
327500,1820,1866,1570,250
249000,1260,1125,810,450
1.38E+06,4350,13405,4350,0
516500,1100,638,1100,0
465000,2050,15035,2050,0
388000,2198,6222,2198,0
549000,1230,1380,1230,0
553000,1400,1512,940,460
530000,1410,1250,1140,270
747450,2110,1339,1410,700
305000,1590,2656,1220,370
540000,3370,4850,3370,0
750000,4500,8130,4500,0
422000,2930,5973,2930,0
337000,2470,5100,2470,0
579950,3080,5752,3080,0
341780,2260,4440,2260,0
710200,1670,2642,1350,320
690000,1540,1428,1540,0
1.70E+06,3830,8963,3120,710
329000,980,1020,980,0
330000,1450,5008,840,610
608500,2850,5577,1950,900
230000,1140,1201,1140,0
785000,3070,4684,2190,880
610950,1680,1570,1680,0
399950,3087,5002,3087,0
3.57E+06,4850,10584,3540,1310
579000,1900,2631,1250,650
362500,940,1768,940,0
645000,1730,1229,1320,410
594866,2780,6000,2780,0
625000,2780,6000,2780,0
490000,1500,1290,1220,280
399950,710,1157,710,0
380000,1260,900,940,320
270000,1870,5000,1870,0
505000,1430,1201,1430,0
385000,1520,1488,1520,0
414500,1210,1278,1020,190
347500,2540,4760,2540,0
1.22E+06,4910,9444,3110,1800
572000,2770,3852,2770,0
475000,1190,1200,1190,0
1.09E+06,4170,8142,4170,0
350000,2500,5995,2500,0
520000,1530,981,1480,50
679950,3600,9437,3600,0
1.58E+06,3410,10125,3410,0
541800,3118,7866,3118,0
810000,3990,7838,3990,0
1.54E+06,4470,8088,4470,0
467000,1425,1179,1425,0
224000,1500,11968,1500,0
507250,2270,5536,2270,0
429000,1490,1126,1490,0
610685,2520,6023,2520,0
1.01E+06,3510,7200,2600,910
475000,1310,1294,1180,130
360000,1530,1131,1530,0
400000,2310,5813,2310,0
402101,1020,1350,1020,0
400000,1600,2388,1600,0
325000,1020,1076,1020,0
